0
1
0.0333333
1
0.0666667
1
0.1
1
0.133333
1
0.166667
1
0.2
1
0.233333
1
0.266667
1
0.3
1
0.333333
1
0.366667
1
0.4
1
0.433333
1
0.466667
1
0.5
1
0.533333
1
0.566667
1
0.6
1
0.633333
1
0.666667
1
0.7
1
0.733333
1
0.766667
1
0.8
1
0.833333
1
0.866667
1
0.9
1
0.933333
1
0.966667
1
1
1
1.03333
1
1.06667
1
1.1
1
1.13333
1
1.16667
1
1.2
1
1.23333
1
1.26667
1
1.3
1
1.33333
1
1.36667
1
1.4
1
1.43333
1
1.46667
1
1.5
1
1.53333
1
1.56667
1
1.6
1
1.63333
1
1.66667
1
1.7
1
1.73333
1
1.76667
1
1.8
1
1.83333
1
1.86667
1
1.9
1
1.93333
1
1.96667
1
2
1
2.03333
1
2.06667
1
2.1
1
2.13333
1
2.16667
1
2.2
1
2.23333
1
2.26667
1
2.3
1
2.33333
1
2.36667
1
2.4
1
2.43333
1
2.46667
1
2.5
1
2.53333
1
2.56667
1
2.6
1
2.63333
1
2.66667
1
2.7
1
2.73333
1
2.76667
1
2.8
1
2.83333
1
2.86667
1
2.9
1
2.93333
1
2.96667
1
3
1
3.03333
1
3.06667
1
3.1
1
3.13333
1
3.16667
1
3.2
1
3.23333
1
3.26667
1
3.3
1
3.33333
1
3.36667
1
3.4
1
3.43333
1
3.46667
1
3.5
1
3.53333
1
3.56667
1
3.6
1
3.63333
1
3.66667
1
3.7
1
3.73333
1
3.76667
1
3.8
1
3.83333
1
3.86667
1
3.9
1
3.93333
1
3.96667
1
4
1
4.03333
1
4.06667
1
4.1
1
4.13333
1
4.16667
1
4.2
1
4.23333
1
4.26667
1
4.3
1
4.33333
1
4.36667
1
4.4
1
4.43333
1
4.46667
1
4.5
1
4.53333
1
4.56667
1
4.6
1
4.63333
1
4.66667
1
4.7
1
4.73333
1
4.76667
1
4.8
1
4.83333
1
4.86667
1
4.9
1
4.93333
1
4.96667
1
5
1
5.03333
1
5.06667
1
5.1
1
5.13333
1
5.16667
1
5.2
1
5.23333
1
5.26667
1
5.3
1
5.33333
1
5.36667
1
5.4
1
5.43333
1
5.46667
1
5.5
1
5.53333
1
5.56667
1
5.6
1
5.63333
1
5.66667
1
5.7
1
5.73333
1
5.76667
1
5.8
1
5.83333
1
5.86667
1
5.9
1
5.93333
1
5.96667
1
6
1
6.03333
2
6.06667
2
6.1
2
6.13333
2
6.16667
2
6.2
2
6.23333
2
6.26667
2
6.3
2
6.33333
2
6.36667
2
6.4
2
6.43333
2
6.46667
2
6.5
2
6.53333
3
6.56667
3
6.6
3
6.63333
3
6.66667
3
6.7
4
6.73333
5
6.76667
5
6.8
6
6.83333
6
6.86667
6
6.9
8
6.93333
8
6.96667
9
7
11
7.03333
11
7.06667
12
7.1
12
7.13333
13
7.16667
14
7.2
14
7.23333
14
7.26667
14
7.3
15
7.33333
15
7.36667
16
7.4
16
7.43333
16
7.46667
16
7.5
16
7.53333
17
7.56667
17
7.6
19
7.63333
19
7.66667
19
7.7
20
7.73333
20
7.76667
23
7.8
23
7.83333
24
7.86667
25
7.9
25
7.93333
27
7.96667
27
8
27
8.03333
27
8.06667
27
8.1
27
8.13333
27
8.16667
27
8.2
27
8.23333
27
8.26667
27
8.3
27
8.33333
27
8.36667
27
8.4
28
8.43333
28
8.46667
28
8.5
28
8.53333
28
8.56667
28
8.6
28
8.63333
28
8.66667
28
8.7
28
8.73333
28
8.76667
28
8.8
28
8.83333
28
8.86667
28
8.9
28
8.93333
28
8.96667
28
9
29
9.03333
29
9.06667
29
9.1
29
9.13333
29
9.16667
29
9.2
29
9.23333
29
9.26667
30
9.3
30
9.33333
30
9.36667
30
9.4
30
9.43333
30
9.46667
31
9.5
31
9.53333
32
9.56667
32
9.6
32
9.63333
32
9.66667
33
9.7
33
9.73333
34
9.76667
34
9.8
34
9.83333
34
9.86667
34
9.9
35
9.93333
35
9.96667
35
10
35
10.0333
35
10.0667
35
10.1
35
10.1333
35
10.1667
36
10.2
37
10.2333
37
10.2667
37
10.3
38
10.3333
38
10.3667
39
10.4
40
10.4333
40
10.4667
40
10.5
41
10.5333
41
10.5667
42
10.6
42
10.6333
42
10.6667
42
10.7
42
10.7333
42
10.7667
42
10.8
42
10.8333
42
10.8667
42
10.9
42
10.9333
43
10.9667
43
11
45
11.0333
45
11.0667
45
11.1
45
11.1333
45
11.1667
46
11.2
46
11.2333
46
11.2667
47
11.3
47
11.3333
47
11.3667
47
11.4
47
11.4333
48
11.4667
48
11.5
48
11.5333
48
11.5667
48
11.6
48
11.6333
48
11.6667
48
11.7
48
11.7333
49
11.7667
49
11.8
49
11.8333
49
11.8667
49
11.9
49
11.9333
49
11.9667
49
12
49
12.0333
49
12.0667
49
12.1
49
12.1333
49
12.1667
49
12.2
49
12.2333
49
12.2667
49
12.3
49
12.3333
49
12.3667
49
12.4
49
12.4333
49
12.4667
49
12.5
49
12.5333
49
12.5667
49
12.6
49
12.6333
50
12.6667
50
12.7
50
12.7333
50
12.7667
51
12.8
51
12.8333
52
12.8667
54
12.9
54
12.9333
55
12.9667
55
13
55
13.0333
55
13.0667
56
13.1
56
13.1333
56
13.1667
56
13.2
56
13.2333
56
13.2667
57
13.3
57
13.3333
57
13.3667
57
13.4
58
13.4333
59
13.4667
59
13.5
59
13.5333
59
13.5667
59
13.6
59
13.6333
59
13.6667
61
13.7
61
13.7333
61
13.7667
61
13.8
61
13.8333
61
13.8667
62
13.9
62
13.9333
62
13.9667
63
14
63
14.0333
63
14.0667
63
14.1
65
14.1333
65
14.1667
65
14.2
66
14.2333
66
14.2667
66
14.3
66
14.3333
66
14.3667
66
14.4
66
14.4333
66
14.4667
66
14.5
67
14.5333
67
14.5667
67
14.6
67
14.6333
67
14.6667
68
14.7
69
14.7333
69
14.7667
69
14.8
70
14.8333
70
14.8667
70
14.9
70
14.9333
70
14.9667
70
15
70
15.0333
73
15.0667
74
15.1
77
15.1333
78
15.1667
79
15.2
79
15.2333
79
15.2667
80
15.3
81
15.3333
82
15.3667
83
15.4
83
15.4333
84
15.4667
86
15.5
86
15.5333
87
15.5667
88
15.6
90
15.6333
90
15.6667
90
15.7
90
15.7333
91
15.7667
92
15.8
92
15.8333
92
15.8667
92
15.9
93
15.9333
94
15.9667
94
16
95
16.0333
96
16.0667
96
16.1
96
16.1333
97
16.1667
97
16.2
98
16.2333
98
16.2667
98
16.3
98
16.3333
98
16.3667
99
16.4
99
16.4333
99
16.4667
99
16.5
100
16.5333
101
16.5667
101
16.6
101
16.6333
101
16.6667
101
16.7
101
16.7333
101
16.7667
101
16.8
102
16.8333
102
16.8667
102
16.9
102
16.9333
102
16.9667
102
17
102
17.0333
102
17.0667
102
17.1
102
17.1333
102
17.1667
102
17.2
102
17.2333
102
17.2667
102
17.3
102
17.3333
102
17.3667
102
17.4
102
17.4333
102
17.4667
102
17.5
102
17.5333
102
17.5667
102
17.6
102
17.6333
103
17.6667
104
17.7
104
17.7333
105
17.7667
105
17.8
105
17.8333
105
17.8667
105
17.9
105
17.9333
105
17.9667
105
18
105
18.0333
105
18.0667
105
18.1
105
18.1333
105
18.1667
105
18.2
105
18.2333
105
18.2667
106
18.3
106
18.3333
106
18.3667
106
18.4
106
18.4333
106
18.4667
106
18.5
106
18.5333
106
18.5667
106
18.6
106
18.6333
106
18.6667
106
18.7
106
18.7333
106
18.7667
106
18.8
106
18.8333
106
18.8667
106
18.9
106
18.9333
106
18.9667
106
19
106
19.0333
106
19.0667
106
19.1
106
19.1333
106
19.1667
106
19.2
106
19.2333
106
19.2667
106
19.3
106
19.3333
106
19.3667
106
19.4
106
19.4333
106
19.4667
106
19.5
106
19.5333
106
19.5667
106
19.6
106
19.6333
106
19.6667
106
19.7
107
19.7333
108
19.7667
108
19.8
109
19.8333
109
19.8667
109
19.9
111
19.9333
111
19.9667
111
20
111
20.0333
112
20.0667
113
20.1
113
20.1333
113
20.1667
113
20.2
113
20.2333
113
20.2667
113
20.3
113
20.3333
113
20.3667
114
20.4
114
20.4333
114
20.4667
115
20.5
116
20.5333
116
20.5667
116
20.6
117
20.6333
117
20.6667
117
20.7
117
20.7333
118
20.7667
118
20.8
118
20.8333
118
20.8667
118
20.9
118
20.9333
118
20.9667
118
21
118
21.0333
118
21.0667
118
21.1
118
21.1333
118
21.1667
118
21.2
118
21.2333
118
21.2667
118
21.3
118
21.3333
118
21.3667
118
21.4
118
21.4333
118
21.4667
118
21.5
118
21.5333
118
21.5667
118
21.6
118
21.6333
118
21.6667
118
21.7
118
21.7333
118
21.7667
118
21.8
118
21.8333
118
21.8667
118
21.9
118
21.9333
118
21.9667
118
22
118
22.0333
118
22.0667
118
22.1
118
22.1333
118
22.1667
118
22.2
118
22.2333
118
22.2667
118
22.3
118
22.3333
118
22.3667
118
22.4
118
22.4333
118
22.4667
118
22.5
118
22.5333
118
22.5667
118
22.6
118
22.6333
118
22.6667
118
22.7
118
22.7333
118
22.7667
118
22.8
118
22.8333
118
22.8667
118
22.9
118
22.9333
118
22.9667
118
23
118
23.0333
118
23.0667
118
23.1
118
23.1333
118
23.1667
118
23.2
118
23.2333
118
23.2667
118
23.3
118
23.3333
118
23.3667
118
23.4
118
23.4333
118
23.4667
118
23.5
118
23.5333
118
23.5667
118
23.6
118
23.6333
118
23.6667
118
23.7
118
23.7333
118
23.7667
118
23.8
118
23.8333
118
23.8667
118
23.9
118
23.9333
118
23.9667
118
24
118
24.0333
119
24.0667
119
24.1
119
24.1333
119
24.1667
119
24.2
119
24.2333
119
24.2667
119
24.3
119
24.3333
119
24.3667
119
24.4
119
24.4333
119
24.4667
119
24.5
119
24.5333
119
24.5667
119
24.6
119
24.6333
119
24.6667
119
24.7
119
24.7333
119
24.7667
119
24.8
119
24.8333
119
24.8667
119
24.9
119
24.9333
119
24.9667
119
25
119
25.0333
119
25.0667
119
25.1
120
25.1333
120
25.1667
120
25.2
120
25.2333
120
25.2667
120
25.3
120
25.3333
120
25.3667
121
25.4
121
25.4333
122
25.4667
122
25.5
122
25.5333
122
25.5667
122
25.6
122
25.6333
122
25.6667
122
25.7
122
25.7333
122
25.7667
122
25.8
122
25.8333
122
25.8667
122
25.9
122
25.9333
122
25.9667
122
26
122
26.0333
122
26.0667
122
26.1
122
26.1333
122
26.1667
123
26.2
123
26.2333
123
26.2667
123
26.3
123
26.3333
123
26.3667
123
26.4
123
26.4333
123
26.4667
123
26.5
123
26.5333
123
26.5667
123
26.6
123
26.6333
123
26.6667
123
26.7
123
26.7333
123
26.7667
123
26.8
123
26.8333
123
26.8667
123
26.9
123
26.9333
123
26.9667
123
27
123
27.0333
123
27.0667
123
27.1
124
27.1333
124
27.1667
124
27.2
124
27.2333
125
27.2667
125
27.3
125
27.3333
125
27.3667
125
27.4
125
27.4333
125
27.4667
125
27.5
125
27.5333
126
27.5667
126
27.6
126
27.6333
126
27.6667
126
27.7
126
27.7333
126
27.7667
126
27.8
126
27.8333
126
27.8667
126
27.9
126
27.9333
126
27.9667
126
28
126
28.0333
126
28.0667
126
28.1
126
28.1333
126
28.1667
126
28.2
126
28.2333
126
28.2667
126
28.3
126
28.3333
126
28.3667
126
28.4
126
28.4333
126
28.4667
126
28.5
126
28.5333
126
28.5667
126
28.6
126
28.6333
126
28.6667
126
28.7
126
28.7333
127
28.7667
127
28.8
127
28.8333
127
28.8667
127
28.9
127
28.9333
127
28.9667
127
29
127
29.0333
127
29.0667
127
29.1
127
29.1333
127
29.1667
127
29.2
127
29.2333
127
29.2667
127
29.3
127
29.3333
127
29.3667
127
29.4
127
29.4333
127
29.4667
127
29.5
127
29.5333
127
29.5667
127
29.6
127
29.6333
127
29.6667
127
29.7
127
29.7333
127
29.7667
127
29.8
127
29.8333
127
29.8667
127
29.9
127
29.9333
127
29.9667
127
30
127
30.0333
127
30.0667
127
30.1
127
30.1333
127
30.1667
127
30.2
127
30.2333
127
30.2667
127
30.3
127
30.3333
127
30.3667
127
30.4
127
30.4333
127
30.4667
127
30.5
127
30.5333
127
30.5667
127
30.6
127
30.6333
127
30.6667
127
30.7
127
30.7333
127
30.7667
127
30.8
127
30.8333
127
30.8667
127
30.9
127
30.9333
127
30.9667
127
31
127
31.0333
127
31.0667
127
31.1
127
31.1333
127
31.1667
127
31.2
127
31.2333
127
31.2667
127
31.3
127
31.3333
128
31.3667
128
31.4
128
31.4333
128
31.4667
128
31.5
128
31.5333
128
31.5667
128
31.6
128
31.6333
128
31.6667
128
31.7
128
31.7333
128
31.7667
128
31.8
128
31.8333
129
31.8667
129
31.9
129
31.9333
129
31.9667
129
32
129
32.0333
129
32.0667
129
32.1
129
32.1333
129
32.1667
129
32.2
129
32.2333
129
32.2667
129
32.3
129
32.3333
129
32.3667
129
32.4
130
32.4333
130
32.4667
130
32.5
130
32.5333
131
32.5667
131
32.6
131
32.6333
131
32.6667
131
32.7
131
32.7333
131
32.7667
131
32.8
131
32.8333
131
32.8667
131
32.9
131
32.9333
131
32.9667
131
33
131
33.0333
132
33.0667
132
33.1
132
33.1333
132
33.1667
132
33.2
132
33.2333
132
33.2667
133
33.3
133
33.3333
133
33.3667
133
33.4
133
33.4333
133
33.4667
133
33.5
133
33.5333
133
33.5667
133
33.6
133
33.6333
133
33.6667
133
33.7
133
33.7333
133
33.7667
134
33.8
134
33.8333
134
33.8667
134
33.9
134
33.9333
134
33.9667
134
34
134
34.0333
134
34.0667
134
34.1
134
34.1333
134
34.1667
134
34.2
134
34.2333
134
34.2667
134
34.3
134
34.3333
134
34.3667
134
34.4
134
34.4333
134
34.4667
134
34.5
134
34.5333
134
34.5667
134
34.6
134
34.6333
134
34.6667
134
34.7
134
34.7333
134
34.7667
134
34.8
134
34.8333
134
34.8667
134
34.9
134
34.9333
134
34.9667
134
35
134
35.0333
134
35.0667
134
35.1
134
35.1333
134
35.1667
134
35.2
134
35.2333
134
35.2667
134
35.3
134
35.3333
134
35.3667
134
35.4
134
35.4333
134
35.4667
134
35.5
134
35.5333
134
35.5667
134
35.6
134
35.6333
134
35.6667
134
35.7
134
35.7333
134
35.7667
134
35.8
134
35.8333
134
35.8667
134
35.9
134
35.9333
134
35.9667
134
36
134
36.0333
134
36.0667
134
36.1
135
36.1333
135
36.1667
135
36.2
135
36.2333
135
36.2667
136
36.3
136
36.3333
136
36.3667
136
36.4
136
36.4333
136
36.4667
136
36.5
136
36.5333
136
36.5667
136
36.6
136
36.6333
136
36.6667
137
