0
1
0.0333333
1
0.0666667
1
0.1
1
0.133333
1
0.166667
1
0.2
1
0.233333
1
0.266667
1
0.3
1
0.333333
1
0.366667
1
0.4
1
0.433333
1
0.466667
1
0.5
1
0.533333
1
0.566667
1
0.6
1
0.633333
1
0.666667
1
0.7
1
0.733333
1
0.766667
1
0.8
1
0.833333
1
0.866667
1
0.9
1
0.933333
1
0.966667
1
1
1
1.03333
1
1.06667
1
1.1
1
1.13333
1
1.16667
1
1.2
1
1.23333
1
1.26667
1
1.3
1
1.33333
1
1.36667
1
1.4
1
1.43333
1
1.46667
1
1.5
1
1.53333
1
1.56667
1
1.6
1
1.63333
1
1.66667
1
1.7
1
1.73333
1
1.76667
1
1.8
1
1.83333
1
1.86667
1
1.9
1
1.93333
1
1.96667
1
2
1
2.03333
1
2.06667
1
2.1
1
2.13333
1
2.16667
1
2.2
1
2.23333
1
2.26667
1
2.3
1
2.33333
1
2.36667
1
2.4
1
2.43333
1
2.46667
1
2.5
1
2.53333
1
2.56667
1
2.6
1
2.63333
1
2.66667
1
2.7
1
2.73333
1
2.76667
1
2.8
1
2.83333
1
2.86667
1
2.9
1
2.93333
1
2.96667
1
3
1
3.03333
1
3.06667
1
3.1
1
3.13333
1
3.16667
1
3.2
1
3.23333
1
3.26667
1
3.3
1
3.33333
1
3.36667
1
3.4
1
3.43333
1
3.46667
1
3.5
1
3.53333
1
3.56667
1
3.6
1
3.63333
1
3.66667
1
3.7
1
3.73333
1
3.76667
1
3.8
1
3.83333
1
3.86667
1
3.9
1
3.93333
1
3.96667
1
4
1
4.03333
1
4.06667
1
4.1
1
4.13333
1
4.16667
1
4.2
1
4.23333
1
4.26667
1
4.3
1
4.33333
1
4.36667
1
4.4
1
4.43333
1
4.46667
1
4.5
1
4.53333
1
4.56667
1
4.6
1
4.63333
1
4.66667
1
4.7
1
4.73333
1
4.76667
1
4.8
1
4.83333
1
4.86667
1
4.9
1
4.93333
1
4.96667
1
5
1
5.03333
1
5.06667
1
5.1
1
5.13333
1
5.16667
1
5.2
1
5.23333
1
5.26667
1
5.3
1
5.33333
1
5.36667
1
5.4
1
5.43333
1
5.46667
1
5.5
1
5.53333
2
5.56667
2
5.6
2
5.63333
2
5.66667
2
5.7
3
5.73333
5
5.76667
5
5.8
7
5.83333
7
5.86667
7
5.9
8
5.93333
8
5.96667
8
6
9
6.03333
10
6.06667
10
6.1
11
6.13333
11
6.16667
12
6.2
14
6.23333
15
6.26667
15
6.3
17
6.33333
20
6.36667
20
6.4
21
6.43333
24
6.46667
30
6.5
36
6.53333
37
6.56667
38
6.6
39
6.63333
44
6.66667
48
6.7
50
6.73333
54
6.76667
56
6.8
60
6.83333
61
6.86667
62
6.9
66
6.93333
67
6.96667
67
7
67
7.03333
70
7.06667
71
7.1
75
7.13333
75
7.16667
76
7.2
78
7.23333
80
7.26667
83
7.3
86
7.33333
88
7.36667
89
7.4
90
7.43333
92
7.46667
93
7.5
94
7.53333
95
7.56667
96
7.6
101
7.63333
101
7.66667
104
7.7
104
7.73333
104
7.76667
108
7.8
110
7.83333
116
7.86667
116
7.9
118
7.93333
120
7.96667
120
8
120
8.03333
122
8.06667
123
8.1
126
8.13333
128
8.16667
128
8.2
133
8.23333
134
8.26667
135
8.3
139
8.33333
140
8.36667
142
8.4
144
8.43333
145
8.46667
147
8.5
148
8.53333
150
8.56667
154
8.6
154
8.63333
155
8.66667
155
8.7
156
8.73333
156
8.76667
156
8.8
158
8.83333
159
8.86667
163
8.9
166
8.93333
169
8.96667
171
9
173
9.03333
174
9.06667
175
9.1
178
9.13333
178
9.16667
182
9.2
186
9.23333
189
9.26667
191
9.3
196
9.33333
196
9.36667
196
9.4
196
9.43333
198
9.46667
201
9.5
201
9.53333
202
9.56667
204
9.6
206
9.63333
208
9.66667
208
9.7
208
9.73333
208
9.76667
210
9.8
211
9.83333
211
9.86667
215
9.9
217
9.93333
218
9.96667
219
10
222
10.0333
223
10.0667
225
10.1
228
10.1333
229
10.1667
231
10.2
232
10.2333
233
10.2667
234
10.3
235
10.3333
235
10.3667
239
10.4
239
10.4333
240
10.4667
240
10.5
241
10.5333
245
10.5667
247
10.6
248
10.6333
250
10.6667
252
10.7
252
10.7333
252
10.7667
252
10.8
253
10.8333
253
10.8667
254
10.9
254
10.9333
254
10.9667
256
11
256
11.0333
257
11.0667
258
11.1
258
11.1333
259
11.1667
259
11.2
260
11.2333
261
11.2667
262
11.3
262
11.3333
265
11.3667
266
11.4
267
11.4333
268
11.4667
269
11.5
273
11.5333
274
11.5667
275
11.6
276
11.6333
280
11.6667
281
11.7
282
11.7333
282
11.7667
284
11.8
285
11.8333
287
11.8667
289
11.9
290
11.9333
290
11.9667
292
12
292
12.0333
294
12.0667
294
12.1
295
12.1333
295
12.1667
296
12.2
299
12.2333
299
12.2667
299
12.3
300
12.3333
300
12.3667
301
12.4
302
12.4333
304
12.4667
304
12.5
304
12.5333
305
12.5667
307
12.6
307
12.6333
307
12.6667
309
12.7
309
12.7333
310
12.7667
312
12.8
313
12.8333
316
12.8667
316
12.9
317
12.9333
317
12.9667
318
13
320
13.0333
320
13.0667
321
13.1
323
13.1333
327
13.1667
329
13.2
329
13.2333
329
13.2667
330
13.3
330
13.3333
332
13.3667
332
13.4
334
13.4333
335
13.4667
337
13.5
338
13.5333
339
13.5667
339
13.6
340
13.6333
340
13.6667
341
13.7
342
13.7333
344
13.7667
345
13.8
345
13.8333
346
13.8667
348
13.9
349
13.9333
350
13.9667
351
14
351
14.0333
352
14.0667
354
14.1
355
14.1333
355
14.1667
355
14.2
356
14.2333
356
14.2667
356
14.3
357
14.3333
357
14.3667
359
14.4
360
14.4333
361
14.4667
361
14.5
361
14.5333
361
14.5667
361
14.6
362
14.6333
362
14.6667
362
14.7
363
14.7333
363
14.7667
363
14.8
363
14.8333
363
14.8667
364
14.9
365
14.9333
365
14.9667
365
15
365
15.0333
366
15.0667
367
15.1
367
15.1333
367
15.1667
367
15.2
367
15.2333
368
15.2667
368
15.3
369
15.3333
369
15.3667
370
15.4
370
15.4333
371
15.4667
371
15.5
371
15.5333
371
15.5667
371
15.6
372
15.6333
373
15.6667
373
15.7
373
15.7333
373
15.7667
373
15.8
373
15.8333
375
15.8667
375
15.9
375
15.9333
376
15.9667
376
16
377
16.0333
379
16.0667
379
16.1
379
16.1333
379
16.1667
379
16.2
379
16.2333
380
16.2667
380
16.3
381
16.3333
381
16.3667
381
16.4
381
16.4333
382
16.4667
382
16.5
383
16.5333
383
16.5667
383
16.6
383
16.6333
384
16.6667
384
16.7
384
16.7333
384
16.7667
384
16.8
385
16.8333
385
16.8667
385
16.9
386
16.9333
386
16.9667
387
17
388
17.0333
388
17.0667
389
17.1
389
17.1333
389
17.1667
391
17.2
391
17.2333
392
17.2667
394
17.3
395
17.3333
395
17.3667
396
17.4
397
17.4333
398
17.4667
399
17.5
399
17.5333
399
17.5667
400
17.6
401
17.6333
401
17.6667
402
17.7
404
17.7333
404
17.7667
405
17.8
408
17.8333
410
17.8667
410
17.9
411
17.9333
413
17.9667
413
18
413
18.0333
414
18.0667
415
18.1
416
18.1333
416
18.1667
416
18.2
416
18.2333
418
18.2667
418
18.3
418
18.3333
419
18.3667
419
18.4
419
18.4333
422
18.4667
423
18.5
423
18.5333
423
18.5667
425
18.6
425
18.6333
425
18.6667
428
18.7
428
18.7333
428
18.7667
428
18.8
431
18.8333
432
18.8667
432
18.9
433
18.9333
433
18.9667
435
19
436
19.0333
437
19.0667
438
19.1
443
19.1333
444
19.1667
445
19.2
446
19.2333
447
19.2667
449
19.3
450
19.3333
451
19.3667
451
19.4
453
19.4333
454
19.4667
454
19.5
455
19.5333
456
19.5667
456
19.6
456
19.6333
457
19.6667
460
19.7
462
19.7333
462
19.7667
462
19.8
462
19.8333
462
19.8667
462
19.9
462
19.9333
462
19.9667
462
20
462
20.0333
462
20.0667
462
20.1
464
20.1333
465
20.1667
465
20.2
465
20.2333
466
20.2667
466
20.3
466
20.3333
468
20.3667
468
20.4
468
20.4333
468
20.4667
469
20.5
469
20.5333
469
20.5667
469
20.6
469
20.6333
469
20.6667
470
20.7
472
20.7333
472
20.7667
472
20.8
472
20.8333
472
20.8667
472
20.9
472
20.9333
474
20.9667
475
21
477
21.0333
478
21.0667
480
21.1
480
21.1333
480
21.1667
481
21.2
481
21.2333
482
21.2667
483
21.3
483
21.3333
486
21.3667
487
21.4
487
21.4333
487
21.4667
487
21.5
487
21.5333
487
21.5667
487
21.6
488
21.6333
490
21.6667
492
21.7
492
21.7333
493
21.7667
494
21.8
494
21.8333
494
21.8667
494
21.9
494
21.9333
495
21.9667
495
22
495
22.0333
495
22.0667
495
22.1
495
22.1333
496
22.1667
496
22.2
496
22.2333
496
22.2667
496
22.3
498
22.3333
498
22.3667
498
22.4
498
22.4333
498
22.4667
498
22.5
498
22.5333
498
22.5667
499
22.6
499
22.6333
499
22.6667
499
22.7
500
22.7333
501
22.7667
501
22.8
501
22.8333
501
22.8667
501
22.9
501
22.9333
501
22.9667
501
23
502
23.0333
502
23.0667
502
23.1
502
23.1333
502
23.1667
502
23.2
502
23.2333
502
23.2667
502
23.3
502
23.3333
503
23.3667
503
23.4
504
23.4333
504
23.4667
504
23.5
504
23.5333
504
23.5667
505
23.6
505
23.6333
505
23.6667
506
23.7
506
23.7333
506
23.7667
507
23.8
508
23.8333
508
23.8667
509
23.9
509
23.9333
511
23.9667
511
24
511
24.0333
511
24.0667
513
24.1
514
24.1333
516
24.1667
516
24.2
517
24.2333
517
24.2667
517
24.3
517
24.3333
517
24.3667
517
24.4
517
24.4333
517
24.4667
517
24.5
517
24.5333
517
24.5667
517
24.6
517
24.6333
517
24.6667
517
24.7
517
24.7333
518
24.7667
518
24.8
518
24.8333
518
24.8667
519
24.9
520
24.9333
520
24.9667
520
25
520
25.0333
520
25.0667
520
25.1
520
25.1333
521
25.1667
522
25.2
522
25.2333
522
25.2667
522
25.3
522
25.3333
522
25.3667
522
25.4
522
25.4333
523
25.4667
523
25.5
523
25.5333
523
25.5667
523
25.6
523
25.6333
523
25.6667
524
25.7
524
25.7333
525
25.7667
525
25.8
525
25.8333
526
25.8667
526
25.9
527
25.9333
527
25.9667
527
26
527
26.0333
527
26.0667
527
26.1
527
26.1333
527
26.1667
527
26.2
527
26.2333
527
26.2667
527
26.3
527
26.3333
527
26.3667
527
26.4
527
26.4333
527
26.4667
527
26.5
527
26.5333
528
26.5667
529
26.6
529
26.6333
529
26.6667
529
26.7
529
26.7333
529
26.7667
529
26.8
530
26.8333
530
26.8667
530
26.9
530
26.9333
530
26.9667
530
27
530
27.0333
530
27.0667
531
27.1
532
27.1333
532
27.1667
532
27.2
532
27.2333
533
27.2667
533
27.3
534
27.3333
534
27.3667
535
27.4
535
27.4333
535
27.4667
535
27.5
536
27.5333
536
27.5667
536
27.6
536
27.6333
536
27.6667
536
27.7
536
27.7333
536
27.7667
536
27.8
536
27.8333
536
27.8667
536
27.9
536
27.9333
536
27.9667
536
28
536
28.0333
536
28.0667
537
28.1
538
28.1333
538
28.1667
538
28.2
540
28.2333
540
28.2667
541
28.3
541
28.3333
542
28.3667
542
28.4
544
28.4333
545
28.4667
546
28.5
546
28.5333
546
28.5667
546
28.6
546
28.6333
547
28.6667
547
28.7
548
28.7333
549
28.7667
550
28.8
550
28.8333
550
28.8667
551
28.9
551
28.9333
551
28.9667
552
29
552
29.0333
553
29.0667
554
29.1
554
29.1333
554
29.1667
554
29.2
554
29.2333
554
29.2667
554
29.3
555
29.3333
555
29.3667
555
29.4
555
29.4333
555
29.4667
555
29.5
555
29.5333
555
29.5667
555
29.6
555
29.6333
555
29.6667
555
29.7
556
29.7333
556
29.7667
557
29.8
557
29.8333
557
29.8667
557
29.9
557
29.9333
557
29.9667
557
30
557
30.0333
557
30.0667
557
30.1
557
30.1333
557
30.1667
557
30.2
557
30.2333
558
30.2667
558
30.3
558
30.3333
558
30.3667
558
30.4
558
30.4333
558
30.4667
558
30.5
559
30.5333
559
30.5667
559
30.6
559
30.6333
561
30.6667
561
30.7
562
30.7333
562
30.7667
562
30.8
562
30.8333
562
30.8667
562
30.9
564
30.9333
564
30.9667
564
31
565
31.0333
565
31.0667
565
31.1
565
31.1333
565
31.1667
565
31.2
567
31.2333
567
31.2667
567
31.3
567
31.3333
567
31.3667
567
31.4
568
31.4333
568
31.4667
568
31.5
568
31.5333
568
31.5667
568
31.6
568
31.6333
568
31.6667
568
31.7
568
31.7333
568
31.7667
568
31.8
568
31.8333
569
31.8667
569
31.9
570
31.9333
570
31.9667
570
32
570
32.0333
570
32.0667
570
32.1
570
32.1333
570
32.1667
570
32.2
570
32.2333
570
32.2667
572
32.3
573
32.3333
574
32.3667
574
32.4
574
32.4333
574
32.4667
574
32.5
574
32.5333
574
32.5667
575
32.6
575
32.6333
575
32.6667
576
32.7
576
32.7333
576
32.7667
576
32.8
576
32.8333
576
32.8667
577
32.9
578
32.9333
579
32.9667
579
33
579
33.0333
579
33.0667
579
33.1
580
33.1333
580
33.1667
581
33.2
582
33.2333
582
33.2667
582
33.3
582
33.3333
583
33.3667
584
33.4
584
33.4333
584
33.4667
584
33.5
584
33.5333
585
33.5667
585
33.6
585
33.6333
585
33.6667
587
33.7
587
33.7333
587
33.7667
587
33.8
587
33.8333
588
33.8667
589
33.9
589
33.9333
589
33.9667
589
34
589
34.0333
589
34.0667
589
34.1
591
34.1333
591
34.1667
591
34.2
591
34.2333
591
34.2667
591
34.3
591
34.3333
591
34.3667
592
34.4
592
34.4333
594
34.4667
594
34.5
594
34.5333
594
34.5667
595
34.6
596
34.6333
597
34.6667
598
34.7
598
34.7333
598
34.7667
598
34.8
598
34.8333
598
34.8667
598
34.9
598
34.9333
598
34.9667
598
35
599
35.0333
599
35.0667
599
35.1
599
35.1333
599
35.1667
599
35.2
599
35.2333
599
35.2667
599
35.3
600
35.3333
601
35.3667
602
35.4
602
35.4333
603
35.4667
603
35.5
605
35.5333
605
35.5667
605
35.6
606
35.6333
606
35.6667
606
35.7
606
35.7333
606
35.7667
606
35.8
607
35.8333
608
35.8667
609
35.9
609
35.9333
609
35.9667
610
36
610
36.0333
610
36.0667
610
36.1
610
36.1333
610
36.1667
610
36.2
610
36.2333
610
36.2667
610
36.3
611
36.3333
611
36.3667
611
36.4
611
36.4333
611
36.4667
612
36.5
612
36.5333
612
36.5667
612
36.6
612
36.6333
614
36.6667
614
