0
1
0.0333333
1
0.0666667
1
0.1
1
0.133333
1
0.166667
1
0.2
1
0.233333
1
0.266667
1
0.3
1
0.333333
1
0.366667
1
0.4
1
0.433333
1
0.466667
1
0.5
1
0.533333
1
0.566667
1
0.6
1
0.633333
1
0.666667
1
0.7
1
0.733333
1
0.766667
1
0.8
1
0.833333
1
0.866667
1
0.9
1
0.933333
1
0.966667
1
1
1
1.03333
1
1.06667
1
1.1
1
1.13333
1
1.16667
1
1.2
1
1.23333
1
1.26667
1
1.3
1
1.33333
1
1.36667
1
1.4
1
1.43333
1
1.46667
1
1.5
1
1.53333
1
1.56667
1
1.6
1
1.63333
1
1.66667
1
1.7
1
1.73333
1
1.76667
1
1.8
1
1.83333
1
1.86667
1
1.9
1
1.93333
1
1.96667
1
2
1
2.03333
1
2.06667
1
2.1
1
2.13333
1
2.16667
1
2.2
1
2.23333
1
2.26667
1
2.3
1
2.33333
1
2.36667
1
2.4
1
2.43333
1
2.46667
1
2.5
1
2.53333
1
2.56667
1
2.6
1
2.63333
1
2.66667
1
2.7
1
2.73333
1
2.76667
1
2.8
1
2.83333
1
2.86667
1
2.9
1
2.93333
1
2.96667
1
3
1
3.03333
1
3.06667
1
3.1
1
3.13333
1
3.16667
1
3.2
1
3.23333
1
3.26667
1
3.3
1
3.33333
1
3.36667
1
3.4
1
3.43333
1
3.46667
1
3.5
1
3.53333
1
3.56667
1
3.6
1
3.63333
1
3.66667
1
3.7
1
3.73333
1
3.76667
1
3.8
1
3.83333
1
3.86667
1
3.9
1
3.93333
1
3.96667
1
4
1
4.03333
1
4.06667
1
4.1
1
4.13333
1
4.16667
1
4.2
1
4.23333
1
4.26667
1
4.3
1
4.33333
1
4.36667
1
4.4
1
4.43333
1
4.46667
1
4.5
1
4.53333
1
4.56667
1
4.6
1
4.63333
1
4.66667
1
4.7
1
4.73333
1
4.76667
1
4.8
1
4.83333
1
4.86667
1
4.9
1
4.93333
1
4.96667
1
5
1
5.03333
1
5.06667
1
5.1
1
5.13333
1
5.16667
1
5.2
1
5.23333
1
5.26667
1
5.3
1
5.33333
1
5.36667
1
5.4
1
5.43333
1
5.46667
1
5.5
1
5.53333
1
5.56667
1
5.6
1
5.63333
1
5.66667
1
5.7
1
5.73333
1
5.76667
1
5.8
1
5.83333
1
5.86667
1
5.9
1
5.93333
1
5.96667
1
6
1
6.03333
1
6.06667
1
6.1
1
6.13333
1
6.16667
1
6.2
2
6.23333
2
6.26667
2
6.3
2
6.33333
2
6.36667
2
6.4
2
6.43333
3
6.46667
3
6.5
3
6.53333
3
6.56667
4
6.6
4
6.63333
4
6.66667
4
6.7
4
6.73333
5
6.76667
5
6.8
5
6.83333
5
6.86667
5
6.9
5
6.93333
5
6.96667
6
7
6
7.03333
6
7.06667
6
7.1
6
7.13333
6
7.16667
6
7.2
6
7.23333
6
7.26667
6
7.3
8
7.33333
9
7.36667
9
7.4
9
7.43333
10
7.46667
11
7.5
11
7.53333
11
7.56667
11
7.6
11
7.63333
11
7.66667
12
7.7
13
7.73333
13
7.76667
14
7.8
15
7.83333
15
7.86667
15
7.9
17
7.93333
17
7.96667
18
8
18
8.03333
18
8.06667
19
8.1
19
8.13333
21
8.16667
21
8.2
22
8.23333
22
8.26667
22
8.3
22
8.33333
22
8.36667
23
8.4
23
8.43333
23
8.46667
23
8.5
23
8.53333
23
8.56667
24
8.6
24
8.63333
25
8.66667
25
8.7
26
8.73333
27
8.76667
27
8.8
27
8.83333
27
8.86667
27
8.9
27
8.93333
27
8.96667
27
9
27
9.03333
27
9.06667
27
9.1
27
9.13333
27
9.16667
27
9.2
27
9.23333
27
9.26667
27
9.3
28
9.33333
29
9.36667
29
9.4
30
9.43333
30
9.46667
30
9.5
30
9.53333
30
9.56667
30
9.6
31
9.63333
31
9.66667
31
9.7
31
9.73333
33
9.76667
36
9.8
36
9.83333
36
9.86667
36
9.9
37
9.93333
37
9.96667
38
10
38
10.0333
38
10.0667
38
10.1
38
10.1333
38
10.1667
38
10.2
38
10.2333
39
10.2667
39
10.3
39
10.3333
39
10.3667
39
10.4
41
10.4333
41
10.4667
41
10.5
41
10.5333
41
10.5667
41
10.6
42
10.6333
43
10.6667
43
10.7
44
10.7333
44
10.7667
44
10.8
44
10.8333
44
10.8667
44
10.9
44
10.9333
45
10.9667
45
11
46
11.0333
47
11.0667
48
11.1
48
11.1333
48
11.1667
48
11.2
48
11.2333
48
11.2667
49
11.3
50
11.3333
51
11.3667
51
11.4
51
11.4333
51
11.4667
53
11.5
53
11.5333
53
11.5667
53
11.6
53
11.6333
53
11.6667
53
11.7
53
11.7333
53
11.7667
53
11.8
53
11.8333
53
11.8667
53
11.9
54
11.9333
54
11.9667
54
12
54
12.0333
54
12.0667
54
12.1
54
12.1333
54
12.1667
54
12.2
54
12.2333
55
12.2667
55
12.3
56
12.3333
56
12.3667
56
12.4
56
12.4333
56
12.4667
56
12.5
56
12.5333
56
12.5667
56
12.6
57
12.6333
57
12.6667
57
12.7
57
12.7333
57
12.7667
59
12.8
59
12.8333
59
12.8667
59
12.9
59
12.9333
59
12.9667
59
13
59
13.0333
59
13.0667
60
13.1
60
13.1333
60
13.1667
61
13.2
61
13.2333
61
13.2667
61
13.3
62
13.3333
62
13.3667
62
13.4
62
13.4333
62
13.4667
62
13.5
62
13.5333
62
13.5667
62
13.6
62
13.6333
62
13.6667
62
13.7
62
13.7333
63
13.7667
63
13.8
63
13.8333
64
13.8667
64
13.9
64
13.9333
64
13.9667
64
14
64
14.0333
64
14.0667
64
14.1
64
14.1333
64
14.1667
64
14.2
64
14.2333
64
14.2667
64
14.3
64
14.3333
64
14.3667
64
14.4
64
14.4333
64
14.4667
64
14.5
64
14.5333
64
14.5667
64
14.6
64
14.6333
64
14.6667
64
14.7
64
14.7333
65
14.7667
65
14.8
65
14.8333
66
14.8667
66
14.9
68
14.9333
68
14.9667
68
15
70
15.0333
70
15.0667
70
15.1
71
15.1333
73
15.1667
75
15.2
79
15.2333
79
15.2667
79
15.3
79
15.3333
83
15.3667
83
15.4
83
15.4333
83
15.4667
83
15.5
84
15.5333
85
15.5667
85
15.6
86
15.6333
87
15.6667
87
15.7
88
15.7333
88
15.7667
88
15.8
88
15.8333
88
15.8667
88
15.9
89
15.9333
89
15.9667
89
16
89
16.0333
90
16.0667
90
16.1
91
16.1333
91
16.1667
91
16.2
93
16.2333
93
16.2667
93
16.3
93
16.3333
94
16.3667
94
16.4
95
16.4333
97
16.4667
97
16.5
99
16.5333
99
16.5667
99
16.6
101
16.6333
101
16.6667
101
16.7
102
16.7333
102
16.7667
103
16.8
103
16.8333
103
16.8667
103
16.9
103
16.9333
104
16.9667
104
17
104
17.0333
104
17.0667
104
17.1
104
17.1333
104
17.1667
104
17.2
104
17.2333
104
17.2667
104
17.3
104
17.3333
104
17.3667
105
17.4
105
17.4333
105
17.4667
105
17.5
105
17.5333
105
17.5667
105
17.6
105
17.6333
106
17.6667
106
17.7
106
17.7333
106
17.7667
106
17.8
106
17.8333
106
17.8667
106
17.9
106
17.9333
106
17.9667
106
18
107
18.0333
107
18.0667
107
18.1
107
18.1333
108
18.1667
108
18.2
108
18.2333
108
18.2667
108
18.3
108
18.3333
108
18.3667
108
18.4
108
18.4333
108
18.4667
109
18.5
109
18.5333
109
18.5667
109
18.6
109
18.6333
109
18.6667
109
18.7
109
18.7333
109
18.7667
111
18.8
111
18.8333
111
18.8667
112
18.9
112
18.9333
112
18.9667
112
19
112
19.0333
113
19.0667
113
19.1
115
19.1333
115
19.1667
115
19.2
115
19.2333
115
19.2667
115
19.3
115
19.3333
115
19.3667
115
19.4
115
19.4333
115
19.4667
115
19.5
115
19.5333
115
19.5667
115
19.6
115
19.6333
115
19.6667
115
19.7
115
19.7333
115
19.7667
115
19.8
115
19.8333
115
19.8667
115
19.9
115
19.9333
115
19.9667
115
20
116
20.0333
116
20.0667
117
20.1
117
20.1333
117
20.1667
117
20.2
117
20.2333
117
20.2667
117
20.3
117
20.3333
117
20.3667
117
20.4
118
20.4333
118
20.4667
118
20.5
118
20.5333
118
20.5667
118
20.6
118
20.6333
118
20.6667
118
20.7
119
20.7333
119
20.7667
120
20.8
120
20.8333
120
20.8667
121
20.9
121
20.9333
121
20.9667
121
21
121
21.0333
121
21.0667
121
21.1
121
21.1333
121
21.1667
121
21.2
122
21.2333
122
21.2667
122
21.3
122
21.3333
122
21.3667
122
21.4
122
21.4333
122
21.4667
122
21.5
122
21.5333
122
21.5667
122
21.6
122
21.6333
123
21.6667
123
21.7
123
21.7333
123
21.7667
123
21.8
123
21.8333
123
21.8667
124
21.9
124
21.9333
124
21.9667
124
22
124
22.0333
124
22.0667
124
22.1
124
22.1333
124
22.1667
124
22.2
124
22.2333
125
22.2667
125
22.3
126
22.3333
126
22.3667
126
22.4
126
22.4333
126
22.4667
126
22.5
126
22.5333
126
22.5667
126
22.6
126
22.6333
126
22.6667
126
22.7
126
22.7333
126
22.7667
126
22.8
126
22.8333
126
22.8667
126
22.9
127
22.9333
127
22.9667
127
23
127
23.0333
127
23.0667
127
23.1
128
23.1333
128
23.1667
128
23.2
129
23.2333
129
23.2667
129
23.3
129
23.3333
129
23.3667
129
23.4
129
23.4333
129
23.4667
129
23.5
129
23.5333
129
23.5667
129
23.6
129
23.6333
129
23.6667
129
23.7
129
23.7333
129
23.7667
129
23.8
129
23.8333
129
23.8667
129
23.9
129
23.9333
129
23.9667
129
24
129
24.0333
130
24.0667
130
24.1
130
24.1333
130
24.1667
130
24.2
130
24.2333
130
24.2667
131
24.3
131
24.3333
131
24.3667
131
24.4
131
24.4333
131
24.4667
131
24.5
131
24.5333
131
24.5667
131
24.6
131
24.6333
131
24.6667
131
24.7
131
24.7333
131
24.7667
131
24.8
131
24.8333
131
24.8667
131
24.9
131
24.9333
131
24.9667
131
25
131
25.0333
131
25.0667
131
25.1
131
25.1333
131
25.1667
131
25.2
131
25.2333
131
25.2667
131
25.3
131
25.3333
131
25.3667
131
25.4
131
25.4333
131
25.4667
131
25.5
131
25.5333
131
25.5667
131
25.6
131
25.6333
131
25.6667
131
25.7
131
25.7333
131
25.7667
131
25.8
131
25.8333
131
25.8667
131
25.9
131
25.9333
131
25.9667
131
26
131
26.0333
131
26.0667
131
26.1
131
26.1333
131
26.1667
131
26.2
131
26.2333
131
26.2667
131
26.3
131
26.3333
131
26.3667
131
26.4
131
26.4333
131
26.4667
131
26.5
131
26.5333
131
26.5667
132
26.6
132
26.6333
132
26.6667
132
26.7
132
26.7333
132
26.7667
132
26.8
132
26.8333
132
26.8667
132
26.9
132
26.9333
132
26.9667
132
27
132
27.0333
132
27.0667
132
27.1
133
27.1333
133
27.1667
133
27.2
133
27.2333
133
27.2667
133
27.3
133
27.3333
133
27.3667
133
27.4
133
27.4333
133
27.4667
133
27.5
133
27.5333
133
27.5667
133
27.6
133
27.6333
133
27.6667
133
27.7
133
27.7333
133
27.7667
133
27.8
133
27.8333
133
27.8667
133
27.9
133
27.9333
133
27.9667
133
28
134
28.0333
134
28.0667
134
28.1
134
28.1333
134
28.1667
134
28.2
134
28.2333
134
28.2667
134
28.3
134
28.3333
134
28.3667
134
28.4
134
28.4333
134
28.4667
134
28.5
134
28.5333
134
28.5667
134
28.6
134
28.6333
134
28.6667
134
28.7
134
28.7333
134
28.7667
134
28.8
134
28.8333
134
28.8667
134
28.9
134
28.9333
134
28.9667
135
29
136
29.0333
136
29.0667
136
29.1
136
29.1333
136
29.1667
136
29.2
136
29.2333
136
29.2667
136
29.3
136
29.3333
136
29.3667
136
29.4
136
29.4333
136
29.4667
136
29.5
136
29.5333
136
29.5667
136
29.6
136
29.6333
136
29.6667
136
29.7
136
29.7333
136
29.7667
136
29.8
136
29.8333
136
29.8667
136
29.9
136
29.9333
136
29.9667
136
30
136
30.0333
136
30.0667
136
30.1
136
30.1333
136
30.1667
136
30.2
136
30.2333
136
30.2667
136
30.3
136
30.3333
136
30.3667
136
30.4
136
30.4333
136
30.4667
136
30.5
136
30.5333
136
30.5667
136
30.6
136
30.6333
136
30.6667
136
30.7
136
30.7333
136
30.7667
136
30.8
136
30.8333
136
30.8667
137
30.9
138
30.9333
138
30.9667
138
31
138
31.0333
138
31.0667
138
31.1
138
31.1333
138
31.1667
138
31.2
138
31.2333
138
31.2667
138
31.3
139
31.3333
139
31.3667
139
31.4
139
31.4333
139
31.4667
139
31.5
139
31.5333
139
31.5667
139
31.6
139
31.6333
139
31.6667
139
31.7
139
31.7333
139
31.7667
139
31.8
139
31.8333
139
31.8667
139
31.9
139
31.9333
139
31.9667
139
32
139
32.0333
139
32.0667
139
32.1
139
32.1333
139
32.1667
139
32.2
139
32.2333
139
32.2667
139
32.3
139
32.3333
139
32.3667
139
32.4
139
32.4333
139
32.4667
139
32.5
139
32.5333
139
32.5667
139
32.6
139
32.6333
139
32.6667
139
32.7
139
32.7333
139
32.7667
139
32.8
139
32.8333
139
32.8667
139
32.9
139
32.9333
139
32.9667
139
33
139
33.0333
139
33.0667
139
33.1
139
33.1333
139
33.1667
139
33.2
139
33.2333
139
33.2667
139
33.3
139
33.3333
139
33.3667
139
33.4
139
33.4333
139
33.4667
139
33.5
139
33.5333
139
33.5667
139
33.6
139
33.6333
139
33.6667
139
33.7
139
33.7333
139
33.7667
139
33.8
139
33.8333
139
33.8667
139
33.9
139
33.9333
139
33.9667
139
34
139
34.0333
139
34.0667
139
34.1
139
34.1333
139
34.1667
139
34.2
139
34.2333
139
34.2667
139
34.3
139
34.3333
139
34.3667
139
34.4
139
34.4333
139
34.4667
139
34.5
139
34.5333
139
34.5667
139
34.6
139
34.6333
139
34.6667
139
34.7
139
34.7333
139
34.7667
139
34.8
139
34.8333
139
34.8667
139
34.9
139
34.9333
139
34.9667
139
35
139
35.0333
139
35.0667
139
35.1
139
35.1333
139
35.1667
139
35.2
139
35.2333
139
35.2667
139
35.3
139
35.3333
139
35.3667
139
35.4
139
35.4333
139
35.4667
139
35.5
139
35.5333
139
35.5667
139
35.6
139
35.6333
139
35.6667
139
35.7
139
35.7333
139
35.7667
139
35.8
139
35.8333
139
35.8667
139
35.9
139
35.9333
139
35.9667
139
36
139
36.0333
139
36.0667
139
36.1
139
36.1333
139
36.1667
139
36.2
139
36.2333
139
36.2667
139
36.3
139
36.3333
139
36.3667
139
36.4
139
36.4333
139
36.4667
139
36.5
139
36.5333
139
36.5667
139
36.6
139
36.6333
139
36.6667
140
