0
1
0.0333333
1
0.0666667
1
0.1
1
0.133333
1
0.166667
1
0.2
1
0.233333
1
0.266667
1
0.3
1
0.333333
1
0.366667
1
0.4
1
0.433333
1
0.466667
1
0.5
1
0.533333
1
0.566667
1
0.6
1
0.633333
1
0.666667
1
0.7
1
0.733333
1
0.766667
1
0.8
1
0.833333
1
0.866667
1
0.9
1
0.933333
1
0.966667
1
1
1
1.03333
1
1.06667
1
1.1
1
1.13333
1
1.16667
1
1.2
1
1.23333
1
1.26667
1
1.3
1
1.33333
1
1.36667
1
1.4
1
1.43333
1
1.46667
1
1.5
1
1.53333
1
1.56667
1
1.6
1
1.63333
1
1.66667
1
1.7
1
1.73333
1
1.76667
1
1.8
1
1.83333
1
1.86667
1
1.9
1
1.93333
1
1.96667
1
2
1
2.03333
1
2.06667
1
2.1
1
2.13333
1
2.16667
1
2.2
1
2.23333
1
2.26667
1
2.3
1
2.33333
1
2.36667
1
2.4
1
2.43333
1
2.46667
1
2.5
1
2.53333
1
2.56667
1
2.6
1
2.63333
1
2.66667
1
2.7
1
2.73333
1
2.76667
1
2.8
1
2.83333
1
2.86667
1
2.9
1
2.93333
1
2.96667
1
3
1
3.03333
1
3.06667
1
3.1
1
3.13333
1
3.16667
1
3.2
1
3.23333
1
3.26667
1
3.3
1
3.33333
1
3.36667
1
3.4
1
3.43333
1
3.46667
1
3.5
1
3.53333
1
3.56667
1
3.6
1
3.63333
1
3.66667
1
3.7
1
3.73333
1
3.76667
1
3.8
1
3.83333
1
3.86667
1
3.9
1
3.93333
1
3.96667
1
4
1
4.03333
1
4.06667
1
4.1
1
4.13333
1
4.16667
1
4.2
1
4.23333
1
4.26667
1
4.3
1
4.33333
1
4.36667
1
4.4
1
4.43333
1
4.46667
1
4.5
1
4.53333
1
4.56667
1
4.6
1
4.63333
1
4.66667
1
4.7
1
4.73333
1
4.76667
1
4.8
1
4.83333
1
4.86667
1
4.9
1
4.93333
1
4.96667
1
5
1
5.03333
1
5.06667
1
5.1
1
5.13333
1
5.16667
1
5.2
1
5.23333
1
5.26667
1
5.3
1
5.33333
1
5.36667
1
5.4
1
5.43333
1
5.46667
1
5.5
1
5.53333
1
5.56667
1
5.6
1
5.63333
1
5.66667
1
5.7
1
5.73333
1
5.76667
1
5.8
1
5.83333
1
5.86667
1
5.9
1
5.93333
1
5.96667
1
6
1
6.03333
1
6.06667
1
6.1
1
6.13333
1
6.16667
1
6.2
1
6.23333
1
6.26667
1
6.3
1
6.33333
1
6.36667
1
6.4
1
6.43333
1
6.46667
1
6.5
1
6.53333
2
6.56667
2
6.6
2
6.63333
2
6.66667
2
6.7
2
6.73333
2
6.76667
2
6.8
2
6.83333
2
6.86667
2
6.9
2
6.93333
3
6.96667
3
7
3
7.03333
3
7.06667
3
7.1
3
7.13333
5
7.16667
5
7.2
5
7.23333
5
7.26667
5
7.3
5
7.33333
5
7.36667
5
7.4
5
7.43333
5
7.46667
5
7.5
5
7.53333
5
7.56667
5
7.6
5
7.63333
5
7.66667
5
7.7
5
7.73333
6
7.76667
6
7.8
6
7.83333
6
7.86667
6
7.9
6
7.93333
7
7.96667
7
8
9
8.03333
10
8.06667
11
8.1
11
8.13333
11
8.16667
12
8.2
12
8.23333
13
8.26667
13
8.3
14
8.33333
14
8.36667
14
8.4
14
8.43333
14
8.46667
14
8.5
14
8.53333
14
8.56667
14
8.6
14
8.63333
17
8.66667
17
8.7
17
8.73333
17
8.76667
17
8.8
17
8.83333
17
8.86667
17
8.9
17
8.93333
17
8.96667
17
9
17
9.03333
18
9.06667
18
9.1
19
9.13333
19
9.16667
19
9.2
19
9.23333
19
9.26667
19
9.3
19
9.33333
19
9.36667
19
9.4
20
9.43333
21
9.46667
23
9.5
24
9.53333
24
9.56667
24
9.6
24
9.63333
24
9.66667
24
9.7
24
9.73333
24
9.76667
24
9.8
24
9.83333
24
9.86667
25
9.9
25
9.93333
25
9.96667
25
10
25
10.0333
25
10.0667
25
10.1
25
10.1333
26
10.1667
28
10.2
29
10.2333
30
10.2667
30
10.3
30
10.3333
30
10.3667
31
10.4
31
10.4333
31
10.4667
31
10.5
31
10.5333
31
10.5667
31
10.6
31
10.6333
31
10.6667
31
10.7
32
10.7333
32
10.7667
32
10.8
32
10.8333
32
10.8667
32
10.9
32
10.9333
32
10.9667
32
11
32
11.0333
32
11.0667
32
11.1
32
11.1333
32
11.1667
32
11.2
32
11.2333
32
11.2667
32
11.3
32
11.3333
32
11.3667
32
11.4
32
11.4333
32
11.4667
34
11.5
34
11.5333
34
11.5667
34
11.6
34
11.6333
34
11.6667
34
11.7
34
11.7333
34
11.7667
34
11.8
34
11.8333
35
11.8667
36
11.9
36
11.9333
36
11.9667
36
12
36
12.0333
36
12.0667
36
12.1
36
12.1333
36
12.1667
36
12.2
36
12.2333
37
12.2667
38
12.3
38
12.3333
38
12.3667
38
12.4
39
12.4333
39
12.4667
39
12.5
39
12.5333
39
12.5667
39
12.6
39
12.6333
39
12.6667
39
12.7
40
12.7333
40
12.7667
40
12.8
40
12.8333
41
12.8667
42
12.9
44
12.9333
45
12.9667
45
13
45
13.0333
46
13.0667
46
13.1
46
13.1333
46
13.1667
47
13.2
47
13.2333
47
13.2667
47
13.3
48
13.3333
48
13.3667
50
13.4
51
13.4333
51
13.4667
51
13.5
51
13.5333
51
13.5667
51
13.6
51
13.6333
52
13.6667
52
13.7
52
13.7333
52
13.7667
52
13.8
52
13.8333
52
13.8667
52
13.9
52
13.9333
52
13.9667
52
14
52
14.0333
53
14.0667
53
14.1
53
14.1333
53
14.1667
53
14.2
53
14.2333
53
14.2667
54
14.3
54
14.3333
54
14.3667
54
14.4
54
14.4333
55
14.4667
56
14.5
56
14.5333
56
14.5667
56
14.6
56
14.6333
56
14.6667
56
14.7
56
14.7333
56
14.7667
56
14.8
56
14.8333
57
14.8667
57
14.9
57
14.9333
57
14.9667
57
15
57
15.0333
57
15.0667
57
15.1
57
15.1333
57
15.1667
57
15.2
57
15.2333
57
15.2667
57
15.3
57
15.3333
57
15.3667
57
15.4
57
15.4333
57
15.4667
57
15.5
58
15.5333
58
15.5667
58
15.6
58
15.6333
58
15.6667
58
15.7
58
15.7333
58
15.7667
58
15.8
58
15.8333
58
15.8667
58
15.9
58
15.9333
58
15.9667
58
16
58
16.0333
59
16.0667
59
16.1
59
16.1333
59
16.1667
59
16.2
59
16.2333
60
16.2667
60
16.3
60
16.3333
60
16.3667
60
16.4
60
16.4333
61
16.4667
61
16.5
61
16.5333
61
16.5667
61
16.6
61
16.6333
61
16.6667
61
16.7
61
16.7333
61
16.7667
61
16.8
62
16.8333
62
16.8667
62
16.9
62
16.9333
62
16.9667
62
17
63
17.0333
63
17.0667
63
17.1
63
17.1333
63
17.1667
63
17.2
63
17.2333
63
17.2667
63
17.3
63
17.3333
63
17.3667
63
17.4
63
17.4333
63
17.4667
63
17.5
63
17.5333
63
17.5667
63
17.6
63
17.6333
63
17.6667
64
17.7
64
17.7333
64
17.7667
64
17.8
64
17.8333
64
17.8667
64
17.9
64
17.9333
64
17.9667
64
18
64
18.0333
64
18.0667
64
18.1
64
18.1333
64
18.1667
64
18.2
64
18.2333
64
18.2667
64
18.3
64
18.3333
64
18.3667
64
18.4
64
18.4333
64
18.4667
64
18.5
64
18.5333
64
18.5667
64
18.6
64
18.6333
65
18.6667
65
18.7
65
18.7333
65
18.7667
65
18.8
65
18.8333
65
18.8667
65
18.9
65
18.9333
65
18.9667
65
19
65
19.0333
65
19.0667
65
19.1
65
19.1333
65
19.1667
65
19.2
65
19.2333
65
19.2667
65
19.3
65
19.3333
65
19.3667
65
19.4
65
19.4333
65
19.4667
65
19.5
65
19.5333
65
19.5667
65
19.6
65
19.6333
65
19.6667
65
19.7
65
19.7333
65
19.7667
65
19.8
65
19.8333
65
19.8667
65
19.9
65
19.9333
65
19.9667
65
20
65
20.0333
65
20.0667
65
20.1
65
20.1333
65
20.1667
65
20.2
65
20.2333
65
20.2667
67
20.3
68
20.3333
69
20.3667
69
20.4
69
20.4333
69
20.4667
69
20.5
69
20.5333
70
20.5667
70
20.6
70
20.6333
70
20.6667
70
20.7
70
20.7333
70
20.7667
70
20.8
70
20.8333
70
20.8667
71
20.9
71
20.9333
71
20.9667
71
21
71
21.0333
71
21.0667
72
21.1
72
21.1333
72
21.1667
72
21.2
72
21.2333
72
21.2667
72
21.3
72
21.3333
72
21.3667
72
21.4
72
21.4333
72
21.4667
72
21.5
72
21.5333
72
21.5667
72
21.6
72
21.6333
73
21.6667
73
21.7
73
21.7333
73
21.7667
74
21.8
74
21.8333
74
21.8667
74
21.9
74
21.9333
74
21.9667
74
22
74
22.0333
75
22.0667
75
22.1
76
22.1333
76
22.1667
77
22.2
77
22.2333
77
22.2667
77
22.3
77
22.3333
77
22.3667
77
22.4
77
22.4333
77
22.4667
77
22.5
77
22.5333
77
22.5667
77
22.6
77
22.6333
78
22.6667
78
22.7
78
22.7333
78
22.7667
79
22.8
79
22.8333
79
22.8667
79
22.9
79
22.9333
79
22.9667
79
23
79
23.0333
79
23.0667
79
23.1
80
23.1333
80
23.1667
80
23.2
80
23.2333
80
23.2667
80
23.3
80
23.3333
80
23.3667
80
23.4
80
23.4333
80
23.4667
80
23.5
80
23.5333
80
23.5667
80
23.6
80
23.6333
80
23.6667
81
23.7
81
23.7333
81
23.7667
81
23.8
81
23.8333
81
23.8667
81
23.9
81
23.9333
81
23.9667
81
24
81
24.0333
81
24.0667
81
24.1
81
24.1333
81
24.1667
81
24.2
81
24.2333
81
24.2667
81
24.3
82
24.3333
82
24.3667
82
24.4
82
24.4333
82
24.4667
82
24.5
82
24.5333
82
24.5667
83
24.6
83
24.6333
83
24.6667
83
24.7
83
24.7333
83
24.7667
83
24.8
83
24.8333
83
24.8667
83
24.9
83
24.9333
83
24.9667
83
25
83
25.0333
83
25.0667
83
25.1
83
25.1333
83
25.1667
83
25.2
83
25.2333
83
25.2667
83
25.3
83
25.3333
83
25.3667
83
25.4
83
25.4333
83
25.4667
83
25.5
84
25.5333
84
25.5667
84
25.6
84
25.6333
84
25.6667
84
25.7
84
25.7333
84
25.7667
84
25.8
84
25.8333
84
25.8667
84
25.9
84
25.9333
84
25.9667
84
26
84
26.0333
84
26.0667
84
26.1
84
26.1333
84
26.1667
84
26.2
84
26.2333
84
26.2667
84
26.3
84
26.3333
84
26.3667
84
26.4
84
26.4333
84
26.4667
84
26.5
84
26.5333
84
26.5667
84
26.6
84
26.6333
84
26.6667
84
26.7
84
26.7333
84
26.7667
84
26.8
84
26.8333
84
26.8667
84
26.9
85
26.9333
85
26.9667
85
27
85
27.0333
85
27.0667
85
27.1
85
27.1333
85
27.1667
85
27.2
85
27.2333
85
27.2667
85
27.3
85
27.3333
85
27.3667
85
27.4
85
27.4333
85
27.4667
85
27.5
85
27.5333
85
27.5667
85
27.6
85
27.6333
85
27.6667
85
27.7
85
27.7333
85
27.7667
85
27.8
85
27.8333
85
27.8667
85
27.9
85
27.9333
85
27.9667
86
28
86
28.0333
86
28.0667
86
28.1
86
28.1333
86
28.1667
86
28.2
86
28.2333
86
28.2667
86
28.3
86
28.3333
86
28.3667
86
28.4
86
28.4333
86
28.4667
86
28.5
86
28.5333
86
28.5667
87
28.6
87
28.6333
88
28.6667
88
28.7
88
28.7333
88
28.7667
88
28.8
88
28.8333
88
28.8667
88
28.9
88
28.9333
88
28.9667
88
29
88
29.0333
88
29.0667
88
29.1
88
29.1333
88
29.1667
88
29.2
88
29.2333
88
29.2667
88
29.3
88
29.3333
88
29.3667
88
29.4
88
29.4333
88
29.4667
88
29.5
88
29.5333
88
29.5667
88
29.6
88
29.6333
88
29.6667
88
29.7
88
29.7333
88
29.7667
88
29.8
88
29.8333
88
29.8667
88
29.9
88
29.9333
88
29.9667
88
30
88
30.0333
88
30.0667
88
30.1
88
30.1333
88
30.1667
88
30.2
88
30.2333
88
30.2667
88
30.3
88
30.3333
88
30.3667
88
30.4
88
30.4333
88
30.4667
88
30.5
88
30.5333
88
30.5667
88
30.6
88
30.6333
88
30.6667
88
30.7
88
30.7333
88
30.7667
88
30.8
88
30.8333
88
30.8667
88
30.9
88
30.9333
88
30.9667
88
31
88
31.0333
88
31.0667
88
31.1
88
31.1333
88
31.1667
88
31.2
88
31.2333
88
31.2667
88
31.3
88
31.3333
88
31.3667
88
31.4
88
31.4333
88
31.4667
88
31.5
88
31.5333
88
31.5667
88
31.6
88
31.6333
88
31.6667
88
31.7
88
31.7333
88
31.7667
88
31.8
88
31.8333
88
31.8667
88
31.9
88
31.9333
88
31.9667
88
32
88
32.0333
88
32.0667
88
32.1
88
32.1333
88
32.1667
88
32.2
88
32.2333
88
32.2667
88
32.3
88
32.3333
88
32.3667
88
32.4
88
32.4333
88
32.4667
88
32.5
88
32.5333
88
32.5667
88
32.6
88
32.6333
88
32.6667
88
32.7
88
32.7333
88
32.7667
88
32.8
88
32.8333
88
32.8667
88
32.9
88
32.9333
89
32.9667
89
33
89
33.0333
89
33.0667
89
33.1
89
33.1333
89
33.1667
89
33.2
89
33.2333
89
33.2667
89
33.3
89
33.3333
89
33.3667
89
33.4
89
33.4333
89
33.4667
89
33.5
89
33.5333
89
33.5667
89
33.6
89
33.6333
89
33.6667
89
33.7
89
33.7333
89
33.7667
89
33.8
89
33.8333
89
33.8667
89
33.9
89
33.9333
89
33.9667
89
34
89
34.0333
89
34.0667
89
34.1
89
34.1333
89
34.1667
89
34.2
89
34.2333
89
34.2667
89
34.3
89
34.3333
89
34.3667
89
34.4
89
34.4333
89
34.4667
89
34.5
89
34.5333
89
34.5667
89
34.6
89
34.6333
89
34.6667
89
34.7
89
34.7333
89
34.7667
89
34.8
89
34.8333
89
34.8667
89
34.9
89
34.9333
89
34.9667
89
35
89
35.0333
89
35.0667
89
35.1
89
35.1333
89
35.1667
89
35.2
89
35.2333
89
35.2667
89
35.3
89
35.3333
89
35.3667
89
35.4
89
35.4333
89
35.4667
89
35.5
89
35.5333
89
35.5667
89
35.6
89
35.6333
89
35.6667
89
35.7
89
35.7333
89
35.7667
89
35.8
89
35.8333
89
35.8667
89
35.9
89
35.9333
89
35.9667
89
36
89
36.0333
89
36.0667
89
36.1
89
36.1333
89
36.1667
89
36.2
89
36.2333
89
36.2667
89
36.3
89
36.3333
89
36.3667
89
36.4
89
36.4333
89
36.4667
89
36.5
89
36.5333
89
36.5667
89
36.6
89
36.6333
89
36.6667
89
