0
1
0.0333333
1
0.0666667
1
0.1
1
0.133333
1
0.166667
1
0.2
1
0.233333
1
0.266667
1
0.3
1
0.333333
1
0.366667
1
0.4
1
0.433333
1
0.466667
1
0.5
1
0.533333
1
0.566667
1
0.6
1
0.633333
1
0.666667
1
0.7
1
0.733333
1
0.766667
1
0.8
1
0.833333
1
0.866667
1
0.9
1
0.933333
1
0.966667
1
1
1
1.03333
1
1.06667
1
1.1
1
1.13333
1
1.16667
1
1.2
1
1.23333
1
1.26667
1
1.3
1
1.33333
1
1.36667
1
1.4
1
1.43333
1
1.46667
1
1.5
1
1.53333
1
1.56667
1
1.6
1
1.63333
1
1.66667
1
1.7
1
1.73333
1
1.76667
1
1.8
1
1.83333
1
1.86667
1
1.9
1
1.93333
1
1.96667
1
2
1
2.03333
1
2.06667
1
2.1
1
2.13333
1
2.16667
1
2.2
1
2.23333
1
2.26667
1
2.3
1
2.33333
1
2.36667
1
2.4
1
2.43333
1
2.46667
1
2.5
1
2.53333
1
2.56667
1
2.6
1
2.63333
1
2.66667
1
2.7
1
2.73333
1
2.76667
1
2.8
1
2.83333
1
2.86667
1
2.9
1
2.93333
1
2.96667
1
3
1
3.03333
1
3.06667
1
3.1
1
3.13333
1
3.16667
1
3.2
1
3.23333
1
3.26667
1
3.3
1
3.33333
1
3.36667
1
3.4
1
3.43333
1
3.46667
1
3.5
1
3.53333
1
3.56667
1
3.6
1
3.63333
1
3.66667
1
3.7
1
3.73333
1
3.76667
1
3.8
1
3.83333
1
3.86667
1
3.9
1
3.93333
1
3.96667
1
4
1
4.03333
1
4.06667
1
4.1
1
4.13333
1
4.16667
1
4.2
1
4.23333
1
4.26667
1
4.3
1
4.33333
1
4.36667
1
4.4
1
4.43333
1
4.46667
1
4.5
1
4.53333
1
4.56667
1
4.6
1
4.63333
1
4.66667
1
4.7
1
4.73333
1
4.76667
1
4.8
1
4.83333
1
4.86667
1
4.9
1
4.93333
1
4.96667
1
5
1
5.03333
1
5.06667
1
5.1
1
5.13333
2
5.16667
2
5.2
2
5.23333
2
5.26667
2
5.3
2
5.33333
2
5.36667
2
5.4
2
5.43333
2
5.46667
2
5.5
2
5.53333
2
5.56667
2
5.6
2
5.63333
2
5.66667
2
5.7
2
5.73333
3
5.76667
4
5.8
5
5.83333
5
5.86667
5
5.9
5
5.93333
5
5.96667
5
6
5
6.03333
5
6.06667
5
6.1
5
6.13333
5
6.16667
5
6.2
5
6.23333
5
6.26667
6
6.3
6
6.33333
7
6.36667
8
6.4
9
6.43333
9
6.46667
9
6.5
9
6.53333
10
6.56667
10
6.6
10
6.63333
10
6.66667
11
6.7
11
6.73333
11
6.76667
11
6.8
11
6.83333
13
6.86667
15
6.9
16
6.93333
17
6.96667
17
7
18
7.03333
18
7.06667
20
7.1
23
7.13333
25
7.16667
25
7.2
25
7.23333
26
7.26667
26
7.3
28
7.33333
28
7.36667
28
7.4
29
7.43333
31
7.46667
31
7.5
31
7.53333
33
7.56667
34
7.6
34
7.63333
36
7.66667
37
7.7
40
7.73333
41
7.76667
41
7.8
41
7.83333
42
7.86667
43
7.9
43
7.93333
43
7.96667
43
8
43
8.03333
43
8.06667
45
8.1
46
8.13333
47
8.16667
48
8.2
50
8.23333
51
8.26667
51
8.3
52
8.33333
53
8.36667
53
8.4
53
8.43333
54
8.46667
54
8.5
55
8.53333
55
8.56667
57
8.6
58
8.63333
58
8.66667
58
8.7
58
8.73333
58
8.76667
59
8.8
59
8.83333
59
8.86667
59
8.9
59
8.93333
59
8.96667
60
9
60
9.03333
60
9.06667
60
9.1
60
9.13333
60
9.16667
61
9.2
61
9.23333
63
9.26667
63
9.3
63
9.33333
64
9.36667
65
9.4
65
9.43333
65
9.46667
66
9.5
67
9.53333
69
9.56667
70
9.6
70
9.63333
70
9.66667
72
9.7
72
9.73333
72
9.76667
73
9.8
73
9.83333
74
9.86667
74
9.9
75
9.93333
76
9.96667
76
10
78
10.0333
80
10.0667
81
10.1
81
10.1333
83
10.1667
84
10.2
85
10.2333
86
10.2667
87
10.3
89
10.3333
91
10.3667
92
10.4
92
10.4333
93
10.4667
93
10.5
93
10.5333
94
10.5667
96
10.6
99
10.6333
99
10.6667
99
10.7
101
10.7333
101
10.7667
102
10.8
107
10.8333
109
10.8667
111
10.9
116
10.9333
117
10.9667
119
11
119
11.0333
119
11.0667
120
11.1
121
11.1333
122
11.1667
124
11.2
124
11.2333
126
11.2667
127
11.3
130
11.3333
133
11.3667
134
11.4
137
11.4333
140
11.4667
143
11.5
144
11.5333
145
11.5667
145
11.6
146
11.6333
147
11.6667
149
11.7
153
11.7333
155
11.7667
157
11.8
159
11.8333
161
11.8667
162
11.9
166
11.9333
168
11.9667
168
12
170
12.0333
171
12.0667
173
12.1
176
12.1333
176
12.1667
176
12.2
181
12.2333
186
12.2667
187
12.3
190
12.3333
192
12.3667
193
12.4
194
12.4333
196
12.4667
197
12.5
199
12.5333
200
12.5667
200
12.6
204
12.6333
204
12.6667
205
12.7
206
12.7333
208
12.7667
209
12.8
209
12.8333
211
12.8667
214
12.9
214
12.9333
214
12.9667
216
13
217
13.0333
217
13.0667
218
13.1
219
13.1333
219
13.1667
222
13.2
223
13.2333
223
13.2667
223
13.3
224
13.3333
225
13.3667
226
13.4
227
13.4333
229
13.4667
229
13.5
229
13.5333
229
13.5667
231
13.6
232
13.6333
233
13.6667
233
13.7
233
13.7333
233
13.7667
234
13.8
234
13.8333
235
13.8667
236
13.9
239
13.9333
241
13.9667
241
14
242
14.0333
242
14.0667
244
14.1
245
14.1333
245
14.1667
246
14.2
247
14.2333
247
14.2667
247
14.3
248
14.3333
248
14.3667
248
14.4
248
14.4333
249
14.4667
249
14.5
250
14.5333
252
14.5667
254
14.6
254
14.6333
254
14.6667
254
14.7
255
14.7333
256
14.7667
257
14.8
259
14.8333
259
14.8667
260
14.9
260
14.9333
261
14.9667
263
15
264
15.0333
264
15.0667
265
15.1
265
15.1333
265
15.1667
265
15.2
267
15.2333
267
15.2667
268
15.3
268
15.3333
269
15.3667
269
15.4
269
15.4333
269
15.4667
269
15.5
271
15.5333
271
15.5667
273
15.6
274
15.6333
275
15.6667
276
15.7
277
15.7333
277
15.7667
278
15.8
278
15.8333
278
15.8667
278
15.9
278
15.9333
279
15.9667
279
16
279
16.0333
279
16.0667
279
16.1
279
16.1333
279
16.1667
279
16.2
280
16.2333
280
16.2667
280
16.3
280
16.3333
281
16.3667
282
16.4
282
16.4333
283
16.4667
284
16.5
284
16.5333
284
16.5667
285
16.6
286
16.6333
286
16.6667
287
16.7
287
16.7333
288
16.7667
289
16.8
290
16.8333
291
16.8667
293
16.9
293
16.9333
294
16.9667
296
17
297
17.0333
300
17.0667
300
17.1
300
17.1333
301
17.1667
301
17.2
302
17.2333
302
17.2667
302
17.3
302
17.3333
302
17.3667
303
17.4
304
17.4333
306
17.4667
306
17.5
308
17.5333
308
17.5667
310
17.6
310
17.6333
311
17.6667
311
17.7
313
17.7333
314
17.7667
315
17.8
316
17.8333
316
17.8667
319
17.9
320
17.9333
323
17.9667
324
18
325
18.0333
327
18.0667
328
18.1
328
18.1333
328
18.1667
329
18.2
330
18.2333
330
18.2667
332
18.3
334
18.3333
336
18.3667
336
18.4
338
18.4333
339
18.4667
341
18.5
342
18.5333
343
18.5667
344
18.6
345
18.6333
345
18.6667
345
18.7
345
18.7333
348
18.7667
348
18.8
348
18.8333
348
18.8667
349
18.9
350
18.9333
350
18.9667
351
19
352
19.0333
354
19.0667
355
19.1
355
19.1333
357
19.1667
357
19.2
357
19.2333
357
19.2667
358
19.3
358
19.3333
358
19.3667
358
19.4
358
19.4333
358
19.4667
359
19.5
359
19.5333
359
19.5667
359
19.6
360
19.6333
360
19.6667
360
19.7
360
19.7333
360
19.7667
360
19.8
360
19.8333
360
19.8667
360
19.9
360
19.9333
360
19.9667
361
20
363
