0
1
0.0333333
1
0.0666667
1
0.1
1
0.133333
1
0.166667
1
0.2
1
0.233333
1
0.266667
1
0.3
1
0.333333
1
0.366667
1
0.4
1
0.433333
1
0.466667
1
0.5
1
0.533333
1
0.566667
1
0.6
1
0.633333
1
0.666667
1
0.7
1
0.733333
1
0.766667
1
0.8
1
0.833333
1
0.866667
1
0.9
1
0.933333
1
0.966667
1
1
1
1.03333
1
1.06667
1
1.1
1
1.13333
1
1.16667
1
1.2
1
1.23333
1
1.26667
1
1.3
1
1.33333
1
1.36667
1
1.4
1
1.43333
1
1.46667
1
1.5
1
1.53333
1
1.56667
1
1.6
1
1.63333
1
1.66667
1
1.7
1
1.73333
1
1.76667
1
1.8
1
1.83333
1
1.86667
1
1.9
1
1.93333
1
1.96667
1
2
1
2.03333
1
2.06667
1
2.1
1
2.13333
1
2.16667
1
2.2
1
2.23333
1
2.26667
1
2.3
1
2.33333
1
2.36667
1
2.4
1
2.43333
1
2.46667
1
2.5
1
2.53333
1
2.56667
1
2.6
1
2.63333
1
2.66667
1
2.7
1
2.73333
1
2.76667
1
2.8
1
2.83333
1
2.86667
1
2.9
1
2.93333
1
2.96667
1
3
1
3.03333
1
3.06667
1
3.1
1
3.13333
1
3.16667
1
3.2
1
3.23333
1
3.26667
1
3.3
1
3.33333
1
3.36667
1
3.4
1
3.43333
1
3.46667
1
3.5
1
3.53333
1
3.56667
1
3.6
1
3.63333
1
3.66667
1
3.7
1
3.73333
1
3.76667
1
3.8
1
3.83333
1
3.86667
1
3.9
1
3.93333
1
3.96667
1
4
1
4.03333
1
4.06667
1
4.1
1
4.13333
1
4.16667
1
4.2
1
4.23333
1
4.26667
1
4.3
1
4.33333
1
4.36667
1
4.4
1
4.43333
1
4.46667
1
4.5
1
4.53333
1
4.56667
1
4.6
1
4.63333
1
4.66667
1
4.7
1
4.73333
1
4.76667
1
4.8
1
4.83333
1
4.86667
1
4.9
1
4.93333
1
4.96667
1
5
1
5.03333
1
5.06667
1
5.1
1
5.13333
1
5.16667
1
5.2
1
5.23333
1
5.26667
1
5.3
1
5.33333
1
5.36667
1
5.4
1
5.43333
1
5.46667
1
5.5
1
5.53333
1
5.56667
1
5.6
1
5.63333
1
5.66667
1
5.7
1
5.73333
1
5.76667
1
5.8
1
5.83333
1
5.86667
1
5.9
1
5.93333
1
5.96667
1
6
1
6.03333
1
6.06667
1
6.1
1
6.13333
1
6.16667
1
6.2
1
6.23333
1
6.26667
1
6.3
2
6.33333
2
6.36667
2
6.4
2
6.43333
2
6.46667
2
6.5
2
6.53333
2
6.56667
3
6.6
3
6.63333
4
6.66667
4
6.7
4
6.73333
5
6.76667
6
6.8
6
6.83333
8
6.86667
8
6.9
9
6.93333
9
6.96667
10
7
10
7.03333
10
7.06667
10
7.1
10
7.13333
10
7.16667
11
7.2
11
7.23333
12
7.26667
12
7.3
13
7.33333
15
7.36667
16
7.4
20
7.43333
20
7.46667
20
7.5
20
7.53333
21
7.56667
22
7.6
24
7.63333
27
7.66667
28
7.7
28
7.73333
30
7.76667
31
7.8
32
7.83333
33
7.86667
34
7.9
36
7.93333
36
7.96667
39
8
41
8.03333
41
8.06667
41
8.1
41
8.13333
42
8.16667
45
8.2
46
8.23333
47
8.26667
47
8.3
48
8.33333
49
8.36667
50
8.4
51
8.43333
52
8.46667
52
8.5
54
8.53333
56
8.56667
56
8.6
58
8.63333
60
8.66667
61
8.7
62
8.73333
62
8.76667
63
8.8
63
8.83333
65
8.86667
66
8.9
67
8.93333
68
8.96667
69
9
71
9.03333
71
9.06667
77
9.1
79
9.13333
80
9.16667
82
9.2
83
9.23333
84
9.26667
85
9.3
87
9.33333
89
9.36667
91
9.4
91
9.43333
91
9.46667
91
9.5
93
9.53333
93
9.56667
93
9.6
93
9.63333
97
9.66667
100
9.7
101
9.73333
101
9.76667
101
9.8
101
9.83333
101
9.86667
102
9.9
103
9.93333
103
9.96667
103
10
104
10.0333
104
10.0667
107
10.1
108
10.1333
109
10.1667
109
10.2
112
10.2333
115
10.2667
117
10.3
118
10.3333
119
10.3667
120
10.4
120
10.4333
120
10.4667
120
10.5
121
10.5333
121
10.5667
121
10.6
121
10.6333
121
10.6667
122
10.7
122
10.7333
122
10.7667
122
10.8
123
10.8333
123
10.8667
123
10.9
123
10.9333
123
10.9667
123
11
124
11.0333
124
11.0667
125
11.1
125
11.1333
126
11.1667
126
11.2
127
11.2333
129
11.2667
130
11.3
130
11.3333
130
11.3667
130
11.4
130
11.4333
132
11.4667
132
11.5
132
11.5333
133
11.5667
133
11.6
133
11.6333
134
11.6667
134
11.7
135
11.7333
135
11.7667
135
11.8
136
11.8333
137
11.8667
137
11.9
138
11.9333
138
11.9667
139
12
139
12.0333
139
12.0667
139
12.1
139
12.1333
140
12.1667
140
12.2
141
12.2333
142
12.2667
143
12.3
143
12.3333
143
12.3667
143
12.4
143
12.4333
143
12.4667
143
12.5
143
12.5333
143
12.5667
144
12.6
144
12.6333
147
12.6667
147
12.7
148
12.7333
148
12.7667
148
12.8
148
12.8333
149
12.8667
149
12.9
149
12.9333
150
12.9667
152
13
153
13.0333
154
13.0667
156
13.1
158
13.1333
158
13.1667
160
13.2
160
13.2333
161
13.2667
161
13.3
161
13.3333
163
13.3667
165
13.4
169
13.4333
170
13.4667
172
13.5
172
13.5333
175
13.5667
175
13.6
176
13.6333
176
13.6667
177
13.7
177
13.7333
177
13.7667
177
13.8
178
13.8333
178
13.8667
179
13.9
179
13.9333
179
13.9667
180
14
181
14.0333
182
14.0667
183
14.1
184
14.1333
184
14.1667
185
14.2
187
14.2333
188
14.2667
190
14.3
191
14.3333
191
14.3667
194
14.4
194
14.4333
195
14.4667
196
14.5
197
14.5333
200
14.5667
200
14.6
202
14.6333
202
14.6667
202
14.7
203
14.7333
203
14.7667
203
14.8
203
14.8333
204
14.8667
204
14.9
204
14.9333
204
14.9667
205
15
205
15.0333
205
15.0667
206
15.1
206
15.1333
206
15.1667
206
15.2
206
15.2333
206
15.2667
206
15.3
206
15.3333
206
15.3667
206
15.4
207
15.4333
207
15.4667
207
15.5
207
15.5333
207
15.5667
207
15.6
207
15.6333
208
15.6667
208
15.7
208
15.7333
209
15.7667
209
15.8
209
15.8333
209
15.8667
209
15.9
209
15.9333
209
15.9667
209
16
209
16.0333
209
16.0667
209
16.1
209
16.1333
209
16.1667
209
16.2
209
16.2333
209
16.2667
210
16.3
210
16.3333
210
16.3667
210
16.4
210
16.4333
210
16.4667
211
16.5
211
16.5333
211
16.5667
211
16.6
211
16.6333
211
16.6667
212
16.7
212
16.7333
212
16.7667
212
16.8
212
16.8333
213
16.8667
213
16.9
213
16.9333
213
16.9667
214
17
215
17.0333
215
17.0667
215
17.1
217
17.1333
218
17.1667
220
17.2
220
17.2333
220
17.2667
221
17.3
221
17.3333
221
17.3667
221
17.4
222
17.4333
222
17.4667
224
17.5
225
17.5333
225
17.5667
225
17.6
225
17.6333
226
17.6667
226
17.7
227
17.7333
228
17.7667
228
17.8
228
17.8333
229
17.8667
229
17.9
229
17.9333
230
17.9667
231
18
231
18.0333
231
18.0667
231
18.1
231
18.1333
233
18.1667
233
18.2
234
18.2333
234
18.2667
234
18.3
234
18.3333
234
18.3667
235
18.4
235
18.4333
235
18.4667
235
18.5
235
18.5333
235
18.5667
235
18.6
235
18.6333
236
18.6667
236
18.7
236
18.7333
236
18.7667
236
18.8
236
18.8333
236
18.8667
236
18.9
236
18.9333
237
18.9667
237
19
237
19.0333
237
19.0667
237
19.1
237
19.1333
238
19.1667
238
19.2
239
19.2333
239
19.2667
239
19.3
239
19.3333
239
19.3667
239
19.4
240
19.4333
240
19.4667
240
19.5
240
19.5333
240
19.5667
240
19.6
240
19.6333
240
19.6667
240
19.7
241
19.7333
241
19.7667
241
19.8
242
19.8333
242
19.8667
242
19.9
242
19.9333
242
19.9667
243
20
243
