0
1
0.0333333
1
0.0666667
1
0.1
1
0.133333
1
0.166667
1
0.2
1
0.233333
1
0.266667
1
0.3
1
0.333333
1
0.366667
1
0.4
1
0.433333
1
0.466667
1
0.5
1
0.533333
1
0.566667
1
0.6
1
0.633333
1
0.666667
1
0.7
1
0.733333
1
0.766667
1
0.8
1
0.833333
1
0.866667
1
0.9
1
0.933333
1
0.966667
1
1
1
1.03333
1
1.06667
1
1.1
1
1.13333
1
1.16667
1
1.2
1
1.23333
1
1.26667
1
1.3
1
1.33333
1
1.36667
1
1.4
1
1.43333
1
1.46667
1
1.5
1
1.53333
1
1.56667
1
1.6
1
1.63333
1
1.66667
1
1.7
1
1.73333
1
1.76667
1
1.8
1
1.83333
1
1.86667
1
1.9
1
1.93333
1
1.96667
1
2
1
2.03333
1
2.06667
1
2.1
1
2.13333
1
2.16667
1
2.2
1
2.23333
1
2.26667
1
2.3
1
2.33333
1
2.36667
1
2.4
1
2.43333
1
2.46667
1
2.5
1
2.53333
1
2.56667
1
2.6
1
2.63333
1
2.66667
1
2.7
1
2.73333
1
2.76667
1
2.8
1
2.83333
1
2.86667
1
2.9
1
2.93333
1
2.96667
1
3
1
3.03333
1
3.06667
1
3.1
1
3.13333
1
3.16667
1
3.2
1
3.23333
1
3.26667
1
3.3
1
3.33333
1
3.36667
1
3.4
1
3.43333
1
3.46667
1
3.5
1
3.53333
1
3.56667
1
3.6
1
3.63333
1
3.66667
1
3.7
1
3.73333
1
3.76667
1
3.8
1
3.83333
1
3.86667
1
3.9
1
3.93333
1
3.96667
1
4
1
4.03333
1
4.06667
1
4.1
1
4.13333
1
4.16667
1
4.2
1
4.23333
1
4.26667
1
4.3
1
4.33333
1
4.36667
1
4.4
1
4.43333
1
4.46667
1
4.5
1
4.53333
1
4.56667
1
4.6
1
4.63333
1
4.66667
1
4.7
1
4.73333
1
4.76667
1
4.8
1
4.83333
1
4.86667
1
4.9
1
4.93333
1
4.96667
1
5
1
5.03333
1
5.06667
1
5.1
1
5.13333
1
5.16667
1
5.2
1
5.23333
1
5.26667
1
5.3
1
5.33333
1
5.36667
1
5.4
1
5.43333
1
5.46667
1
5.5
1
5.53333
1
5.56667
1
5.6
1
5.63333
1
5.66667
2
5.7
2
5.73333
2
5.76667
2
5.8
2
5.83333
2
5.86667
2
5.9
2
5.93333
2
5.96667
2
6
3
6.03333
3
6.06667
3
6.1
3
6.13333
3
6.16667
3
6.2
3
6.23333
3
6.26667
3
6.3
3
6.33333
3
6.36667
3
6.4
3
6.43333
3
6.46667
3
6.5
3
6.53333
4
6.56667
4
6.6
4
6.63333
4
6.66667
4
6.7
4
6.73333
4
6.76667
4
6.8
4
6.83333
4
6.86667
4
6.9
4
6.93333
4
6.96667
4
7
4
7.03333
4
7.06667
5
7.1
5
7.13333
6
7.16667
6
7.2
7
7.23333
7
7.26667
7
7.3
7
7.33333
8
7.36667
9
7.4
9
7.43333
9
7.46667
9
7.5
9
7.53333
9
7.56667
9
7.6
9
7.63333
9
7.66667
9
7.7
10
7.73333
10
7.76667
10
7.8
10
7.83333
10
7.86667
10
7.9
10
7.93333
10
7.96667
10
8
10
8.03333
10
8.06667
10
8.1
10
8.13333
10
8.16667
10
8.2
11
8.23333
11
8.26667
11
8.3
11
8.33333
11
8.36667
11
8.4
11
8.43333
11
8.46667
11
8.5
11
8.53333
11
8.56667
11
8.6
11
8.63333
11
8.66667
11
8.7
11
8.73333
11
8.76667
11
8.8
11
8.83333
11
8.86667
11
8.9
11
8.93333
11
8.96667
11
9
11
9.03333
11
9.06667
11
9.1
11
9.13333
11
9.16667
12
9.2
12
9.23333
12
9.26667
13
9.3
14
9.33333
14
9.36667
15
9.4
17
9.43333
18
9.46667
19
9.5
19
9.53333
19
9.56667
20
9.6
20
9.63333
20
9.66667
20
9.7
20
9.73333
22
9.76667
24
9.8
25
9.83333
25
9.86667
25
9.9
25
9.93333
25
9.96667
25
10
25
10.0333
27
10.0667
27
10.1
27
10.1333
28
10.1667
28
10.2
31
10.2333
32
10.2667
32
10.3
32
10.3333
32
10.3667
32
10.4
32
10.4333
32
10.4667
33
10.5
33
10.5333
34
10.5667
34
10.6
34
10.6333
34
10.6667
34
10.7
34
10.7333
34
10.7667
34
10.8
35
10.8333
35
10.8667
35
10.9
35
10.9333
36
10.9667
36
11
36
11.0333
36
11.0667
36
11.1
36
11.1333
36
11.1667
36
11.2
36
11.2333
36
11.2667
36
11.3
36
11.3333
37
11.3667
37
11.4
37
11.4333
37
11.4667
37
11.5
37
11.5333
37
11.5667
37
11.6
37
11.6333
37
11.6667
37
11.7
38
11.7333
38
11.7667
38
11.8
38
11.8333
38
11.8667
38
11.9
38
11.9333
38
11.9667
38
12
38
12.0333
38
12.0667
38
12.1
38
12.1333
38
12.1667
38
12.2
38
12.2333
38
12.2667
38
12.3
38
12.3333
38
12.3667
38
12.4
38
12.4333
38
12.4667
38
12.5
38
12.5333
38
12.5667
38
12.6
38
12.6333
38
12.6667
38
12.7
38
12.7333
39
12.7667
39
12.8
39
12.8333
39
12.8667
39
12.9
39
12.9333
39
12.9667
39
13
39
13.0333
39
13.0667
39
13.1
39
13.1333
39
13.1667
39
13.2
39
13.2333
39
13.2667
39
13.3
39
13.3333
39
13.3667
39
13.4
39
13.4333
39
13.4667
39
13.5
39
13.5333
39
13.5667
39
13.6
39
13.6333
39
13.6667
39
13.7
39
13.7333
39
13.7667
39
13.8
39
13.8333
39
13.8667
39
13.9
39
13.9333
39
13.9667
39
14
39
14.0333
39
14.0667
39
14.1
39
14.1333
39
14.1667
40
14.2
40
14.2333
40
14.2667
40
14.3
40
14.3333
40
14.3667
40
14.4
40
14.4333
40
14.4667
40
14.5
40
14.5333
40
14.5667
40
14.6
40
14.6333
40
14.6667
40
14.7
40
14.7333
40
14.7667
42
14.8
42
14.8333
42
14.8667
42
14.9
42
14.9333
42
14.9667
43
15
43
15.0333
43
15.0667
43
15.1
43
15.1333
43
15.1667
43
15.2
43
15.2333
43
15.2667
43
15.3
43
15.3333
43
15.3667
44
15.4
44
15.4333
45
15.4667
45
15.5
45
15.5333
45
15.5667
46
15.6
46
15.6333
46
15.6667
46
15.7
46
15.7333
46
15.7667
46
15.8
46
15.8333
46
15.8667
46
15.9
46
15.9333
46
15.9667
46
16
46
16.0333
46
16.0667
46
16.1
46
16.1333
46
16.1667
46
16.2
46
16.2333
46
16.2667
47
16.3
47
16.3333
47
16.3667
48
16.4
48
16.4333
49
16.4667
49
16.5
49
16.5333
49
16.5667
49
16.6
49
16.6333
49
16.6667
49
16.7
49
16.7333
49
16.7667
49
16.8
49
16.8333
49
16.8667
49
16.9
49
16.9333
49
16.9667
49
17
49
17.0333
49
17.0667
49
17.1
49
17.1333
49
17.1667
49
17.2
49
17.2333
49
17.2667
49
17.3
49
17.3333
49
17.3667
49
17.4
50
17.4333
50
17.4667
50
17.5
50
17.5333
50
17.5667
50
17.6
50
17.6333
50
17.6667
50
17.7
50
17.7333
50
17.7667
50
17.8
50
17.8333
50
17.8667
50
17.9
50
17.9333
50
17.9667
50
18
50
18.0333
50
18.0667
50
18.1
50
18.1333
51
18.1667
52
18.2
52
18.2333
52
18.2667
53
18.3
53
18.3333
53
18.3667
54
18.4
54
18.4333
54
18.4667
54
18.5
54
18.5333
54
18.5667
54
18.6
54
18.6333
54
18.6667
54
18.7
54
18.7333
54
18.7667
54
18.8
54
18.8333
54
18.8667
54
18.9
54
18.9333
54
18.9667
54
19
54
19.0333
54
19.0667
54
19.1
54
19.1333
54
19.1667
54
19.2
54
19.2333
54
19.2667
54
19.3
54
19.3333
54
19.3667
54
19.4
54
19.4333
54
19.4667
54
19.5
54
19.5333
54
19.5667
54
19.6
54
19.6333
54
19.6667
54
19.7
54
19.7333
54
19.7667
54
19.8
54
19.8333
54
19.8667
54
19.9
54
19.9333
54
19.9667
54
20
54
20.0333
54
20.0667
54
20.1
54
20.1333
54
20.1667
54
20.2
54
20.2333
54
20.2667
54
20.3
54
20.3333
54
20.3667
54
20.4
54
20.4333
54
20.4667
54
20.5
54
20.5333
54
20.5667
54
20.6
54
20.6333
54
20.6667
54
20.7
54
20.7333
54
20.7667
54
20.8
54
20.8333
54
20.8667
54
20.9
54
20.9333
54
20.9667
54
21
54
21.0333
54
21.0667
54
21.1
54
21.1333
54
21.1667
54
21.2
54
21.2333
54
21.2667
54
21.3
54
21.3333
54
21.3667
54
21.4
54
21.4333
54
21.4667
54
21.5
54
21.5333
54
21.5667
54
21.6
54
21.6333
54
21.6667
54
21.7
54
21.7333
54
21.7667
54
21.8
54
21.8333
54
21.8667
54
21.9
55
21.9333
55
21.9667
55
22
55
22.0333
55
22.0667
55
22.1
55
22.1333
55
22.1667
55
22.2
55
22.2333
55
22.2667
55
22.3
55
22.3333
55
22.3667
55
22.4
55
22.4333
55
22.4667
55
22.5
55
22.5333
55
22.5667
55
22.6
55
22.6333
55
22.6667
55
22.7
55
22.7333
55
22.7667
55
22.8
55
22.8333
55
22.8667
55
22.9
55
22.9333
55
22.9667
55
23
55
23.0333
55
23.0667
55
23.1
55
23.1333
55
23.1667
55
23.2
55
23.2333
55
23.2667
55
23.3
55
23.3333
55
23.3667
55
23.4
55
23.4333
55
23.4667
55
23.5
55
23.5333
55
23.5667
55
23.6
55
23.6333
55
23.6667
55
23.7
55
23.7333
55
23.7667
55
23.8
55
23.8333
55
23.8667
55
23.9
55
23.9333
55
23.9667
55
24
55
24.0333
55
24.0667
55
24.1
56
24.1333
56
24.1667
56
24.2
56
24.2333
56
24.2667
56
24.3
56
24.3333
56
24.3667
56
24.4
56
24.4333
56
24.4667
56
24.5
56
24.5333
56
24.5667
56
24.6
56
24.6333
57
24.6667
57
24.7
57
24.7333
57
24.7667
57
24.8
57
24.8333
57
24.8667
57
24.9
57
24.9333
57
24.9667
57
25
57
25.0333
57
25.0667
57
25.1
57
25.1333
57
25.1667
57
25.2
57
25.2333
57
25.2667
57
25.3
57
25.3333
57
25.3667
57
25.4
57
25.4333
57
25.4667
57
25.5
57
25.5333
57
25.5667
57
25.6
57
25.6333
57
25.6667
57
25.7
57
25.7333
57
25.7667
57
25.8
57
25.8333
57
25.8667
57
25.9
57
25.9333
57
25.9667
57
26
57
26.0333
57
26.0667
57
26.1
57
26.1333
57
26.1667
57
26.2
57
26.2333
57
26.2667
57
26.3
57
26.3333
57
26.3667
57
26.4
57
26.4333
57
26.4667
57
26.5
57
26.5333
57
26.5667
57
26.6
57
26.6333
57
26.6667
57
26.7
57
26.7333
57
26.7667
57
26.8
57
26.8333
57
26.8667
57
26.9
57
26.9333
57
26.9667
57
27
57
27.0333
57
27.0667
57
27.1
57
27.1333
57
27.1667
57
27.2
57
27.2333
57
27.2667
57
27.3
57
27.3333
57
27.3667
57
27.4
57
27.4333
57
27.4667
57
27.5
57
27.5333
57
27.5667
57
27.6
57
27.6333
57
27.6667
57
27.7
57
27.7333
57
27.7667
57
27.8
57
27.8333
57
27.8667
57
27.9
57
27.9333
57
27.9667
57
28
57
28.0333
57
28.0667
57
28.1
57
28.1333
57
28.1667
57
28.2
57
28.2333
57
28.2667
57
28.3
57
28.3333
57
28.3667
57
28.4
57
28.4333
57
28.4667
57
28.5
57
28.5333
57
28.5667
57
28.6
57
28.6333
57
28.6667
57
28.7
57
28.7333
57
28.7667
57
28.8
57
28.8333
57
28.8667
57
28.9
57
28.9333
57
28.9667
57
29
57
29.0333
57
29.0667
57
29.1
57
29.1333
57
29.1667
57
29.2
57
29.2333
57
29.2667
57
29.3
57
29.3333
57
29.3667
57
29.4
57
29.4333
57
29.4667
57
29.5
57
29.5333
57
29.5667
57
29.6
57
29.6333
57
29.6667
57
29.7
57
29.7333
57
29.7667
57
29.8
57
29.8333
57
29.8667
57
29.9
57
29.9333
57
29.9667
57
30
57
30.0333
57
30.0667
57
30.1
58
30.1333
58
30.1667
58
30.2
58
30.2333
58
30.2667
58
30.3
58
30.3333
58
30.3667
58
30.4
58
30.4333
58
30.4667
58
30.5
58
30.5333
58
30.5667
58
30.6
58
30.6333
58
30.6667
58
30.7
58
30.7333
58
30.7667
58
30.8
58
30.8333
58
30.8667
58
30.9
58
30.9333
58
30.9667
58
31
58
31.0333
58
31.0667
58
31.1
58
31.1333
58
31.1667
58
31.2
58
31.2333
58
31.2667
58
31.3
58
31.3333
58
31.3667
58
31.4
58
31.4333
58
31.4667
58
31.5
58
31.5333
58
31.5667
58
31.6
58
31.6333
58
31.6667
58
31.7
58
31.7333
58
31.7667
58
31.8
58
31.8333
58
31.8667
58
31.9
58
31.9333
58
31.9667
58
32
58
32.0333
58
32.0667
58
32.1
58
32.1333
58
32.1667
58
32.2
58
32.2333
58
32.2667
58
32.3
58
32.3333
58
32.3667
58
32.4
58
32.4333
58
32.4667
58
32.5
58
32.5333
58
32.5667
58
32.6
58
32.6333
58
32.6667
58
32.7
58
32.7333
58
32.7667
58
32.8
58
32.8333
58
32.8667
58
32.9
58
32.9333
58
32.9667
58
33
58
33.0333
58
33.0667
58
33.1
58
33.1333
58
33.1667
58
33.2
58
33.2333
58
33.2667
58
33.3
58
33.3333
58
33.3667
58
33.4
58
33.4333
58
33.4667
58
33.5
58
33.5333
58
33.5667
58
33.6
58
33.6333
58
33.6667
58
33.7
58
33.7333
58
33.7667
58
33.8
58
33.8333
58
33.8667
58
33.9
58
33.9333
58
33.9667
58
34
58
34.0333
58
34.0667
58
34.1
58
34.1333
58
34.1667
58
34.2
58
34.2333
58
34.2667
58
34.3
58
34.3333
58
34.3667
58
34.4
58
34.4333
58
34.4667
58
34.5
58
34.5333
58
34.5667
58
34.6
58
34.6333
58
34.6667
58
34.7
58
34.7333
58
34.7667
58
34.8
58
34.8333
58
34.8667
58
34.9
58
34.9333
58
34.9667
58
35
58
35.0333
58
35.0667
58
35.1
58
35.1333
58
35.1667
58
35.2
58
35.2333
58
35.2667
58
35.3
58
35.3333
58
35.3667
58
35.4
58
35.4333
58
35.4667
58
35.5
58
35.5333
58
35.5667
58
35.6
58
35.6333
58
35.6667
58
35.7
58
35.7333
58
35.7667
58
35.8
58
35.8333
58
35.8667
58
35.9
58
35.9333
58
35.9667
58
36
58
36.0333
58
36.0667
58
36.1
58
36.1333
58
36.1667
58
36.2
58
36.2333
58
36.2667
58
36.3
58
36.3333
58
36.3667
58
36.4
58
36.4333
58
36.4667
58
36.5
58
36.5333
58
36.5667
58
36.6
58
36.6333
58
36.6667
58
