0
1
0.0333333
1
0.0666667
1
0.1
1
0.133333
1
0.166667
1
0.2
1
0.233333
1
0.266667
1
0.3
1
0.333333
1
0.366667
1
0.4
1
0.433333
1
0.466667
1
0.5
1
0.533333
1
0.566667
1
0.6
1
0.633333
1
0.666667
1
0.7
1
0.733333
1
0.766667
1
0.8
1
0.833333
1
0.866667
1
0.9
1
0.933333
1
0.966667
1
1
1
1.03333
1
1.06667
1
1.1
1
1.13333
1
1.16667
1
1.2
1
1.23333
1
1.26667
1
1.3
1
1.33333
1
1.36667
1
1.4
1
1.43333
1
1.46667
1
1.5
1
1.53333
1
1.56667
1
1.6
1
1.63333
1
1.66667
1
1.7
1
1.73333
1
1.76667
1
1.8
1
1.83333
1
1.86667
1
1.9
1
1.93333
1
1.96667
1
2
1
2.03333
1
2.06667
1
2.1
1
2.13333
1
2.16667
1
2.2
1
2.23333
1
2.26667
1
2.3
1
2.33333
1
2.36667
1
2.4
1
2.43333
1
2.46667
1
2.5
1
2.53333
1
2.56667
1
2.6
1
2.63333
1
2.66667
1
2.7
1
2.73333
1
2.76667
1
2.8
1
2.83333
1
2.86667
1
2.9
1
2.93333
1
2.96667
1
3
1
3.03333
1
3.06667
1
3.1
1
3.13333
1
3.16667
1
3.2
1
3.23333
1
3.26667
1
3.3
1
3.33333
1
3.36667
1
3.4
1
3.43333
1
3.46667
1
3.5
1
3.53333
1
3.56667
1
3.6
1
3.63333
1
3.66667
1
3.7
1
3.73333
1
3.76667
1
3.8
1
3.83333
1
3.86667
1
3.9
1
3.93333
1
3.96667
1
4
1
4.03333
1
4.06667
1
4.1
1
4.13333
1
4.16667
1
4.2
1
4.23333
1
4.26667
1
4.3
1
4.33333
1
4.36667
1
4.4
1
4.43333
1
4.46667
1
4.5
1
4.53333
1
4.56667
1
4.6
1
4.63333
1
4.66667
1
4.7
1
4.73333
1
4.76667
1
4.8
1
4.83333
1
4.86667
1
4.9
1
4.93333
1
4.96667
1
5
1
5.03333
1
5.06667
1
5.1
1
5.13333
2
5.16667
2
5.2
2
5.23333
3
5.26667
3
5.3
3
5.33333
4
5.36667
4
5.4
5
5.43333
5
5.46667
5
5.5
6
5.53333
7
5.56667
9
5.6
10
5.63333
11
5.66667
12
5.7
12
5.73333
13
5.76667
13
5.8
13
5.83333
18
5.86667
19
5.9
20
5.93333
22
5.96667
23
6
24
6.03333
26
6.06667
26
6.1
26
6.13333
27
6.16667
29
6.2
29
6.23333
30
6.26667
32
6.3
34
6.33333
36
6.36667
36
6.4
38
6.43333
40
6.46667
44
6.5
47
6.53333
47
6.56667
49
6.6
51
6.63333
52
6.66667
53
6.7
54
6.73333
57
6.76667
59
6.8
60
6.83333
61
6.86667
63
6.9
65
6.93333
66
6.96667
68
7
68
7.03333
71
7.06667
72
7.1
76
7.13333
77
7.16667
79
7.2
80
7.23333
81
7.26667
82
7.3
84
7.33333
88
7.36667
91
7.4
92
7.43333
94
7.46667
97
7.5
99
7.53333
101
7.56667
102
7.6
103
7.63333
103
7.66667
103
7.7
103
7.73333
108
7.76667
110
7.8
112
7.83333
112
7.86667
114
7.9
117
7.93333
118
7.96667
120
8
122
8.03333
124
8.06667
126
8.1
129
8.13333
131
8.16667
131
8.2
132
8.23333
134
8.26667
138
8.3
139
8.33333
142
8.36667
145
8.4
147
8.43333
151
8.46667
153
8.5
154
8.53333
157
8.56667
161
8.6
164
8.63333
169
8.66667
173
8.7
176
8.73333
178
8.76667
178
8.8
178
8.83333
179
8.86667
181
8.9
183
8.93333
183
8.96667
184
9
187
9.03333
192
9.06667
196
9.1
196
9.13333
198
9.16667
201
9.2
203
9.23333
204
9.26667
204
9.3
206
9.33333
206
9.36667
208
9.4
210
9.43333
212
9.46667
215
9.5
216
9.53333
218
9.56667
219
9.6
222
9.63333
227
9.66667
230
9.7
232
9.73333
233
9.76667
234
9.8
234
9.83333
237
9.86667
240
9.9
240
9.93333
242
9.96667
246
10
247
10.0333
250
10.0667
251
10.1
252
10.1333
253
10.1667
254
10.2
258
10.2333
259
10.2667
264
10.3
267
10.3333
269
10.3667
273
10.4
274
10.4333
275
10.4667
275
10.5
278
10.5333
281
10.5667
281
10.6
282
10.6333
282
10.6667
286
10.7
287
10.7333
289
10.7667
291
10.8
293
10.8333
293
10.8667
294
10.9
294
10.9333
295
10.9667
295
11
295
11.0333
298
11.0667
298
11.1
300
11.1333
304
11.1667
306
11.2
308
11.2333
309
11.2667
309
11.3
312
11.3333
313
11.3667
314
11.4
315
11.4333
316
11.4667
317
11.5
317
11.5333
317
11.5667
318
11.6
320
11.6333
320
11.6667
320
11.7
321
11.7333
322
11.7667
322
11.8
324
11.8333
325
11.8667
328
11.9
329
11.9333
329
11.9667
332
12
335
12.0333
335
12.0667
337
12.1
337
12.1333
339
12.1667
340
12.2
340
12.2333
341
12.2667
342
12.3
344
12.3333
347
12.3667
348
12.4
349
12.4333
349
12.4667
352
12.5
353
12.5333
355
12.5667
355
12.6
356
12.6333
357
12.6667
358
12.7
360
12.7333
363
12.7667
365
12.8
367
12.8333
370
12.8667
372
12.9
376
12.9333
378
12.9667
379
13
379
13.0333
379
13.0667
380
13.1
382
13.1333
382
13.1667
384
13.2
385
13.2333
389
13.2667
390
13.3
392
13.3333
393
13.3667
395
13.4
397
13.4333
398
13.4667
400
13.5
403
13.5333
405
13.5667
406
13.6
410
13.6333
415
13.6667
418
13.7
421
13.7333
423
13.7667
425
13.8
428
13.8333
431
13.8667
436
13.9
439
13.9333
441
13.9667
441
14
442
14.0333
443
14.0667
448
14.1
449
14.1333
451
14.1667
451
14.2
451
14.2333
452
14.2667
453
14.3
453
14.3333
456
14.3667
457
14.4
459
14.4333
460
14.4667
461
14.5
463
14.5333
463
14.5667
463
14.6
464
14.6333
464
14.6667
464
14.7
464
14.7333
465
14.7667
466
14.8
466
14.8333
466
14.8667
466
14.9
466
14.9333
467
14.9667
467
15
467
15.0333
469
15.0667
469
15.1
469
15.1333
470
15.1667
472
15.2
474
15.2333
475
15.2667
475
15.3
476
15.3333
477
15.3667
478
15.4
478
15.4333
479
15.4667
479
15.5
480
15.5333
480
15.5667
480
15.6
481
15.6333
481
15.6667
482
15.7
483
15.7333
484
15.7667
486
15.8
486
15.8333
486
15.8667
486
15.9
486
15.9333
487
15.9667
488
16
488
16.0333
488
16.0667
488
16.1
489
16.1333
489
16.1667
489
16.2
489
16.2333
489
16.2667
489
16.3
489
16.3333
489
16.3667
489
16.4
489
16.4333
490
16.4667
492
16.5
492
16.5333
494
16.5667
494
16.6
494
16.6333
494
16.6667
494
16.7
496
16.7333
497
16.7667
497
16.8
497
16.8333
497
16.8667
498
16.9
498
16.9333
498
16.9667
498
17
499
17.0333
499
17.0667
499
17.1
500
17.1333
501
17.1667
501
17.2
501
17.2333
501
17.2667
501
17.3
502
17.3333
502
17.3667
506
17.4
506
17.4333
507
17.4667
508
17.5
510
17.5333
511
17.5667
511
17.6
511
17.6333
511
17.6667
512
17.7
514
17.7333
516
17.7667
517
17.8
518
17.8333
518
17.8667
518
17.9
518
17.9333
519
17.9667
522
18
522
18.0333
522
18.0667
522
18.1
524
18.1333
524
18.1667
524
18.2
524
18.2333
525
18.2667
525
18.3
525
18.3333
525
18.3667
526
18.4
526
18.4333
528
18.4667
529
18.5
529
18.5333
530
18.5667
531
18.6
534
18.6333
535
18.6667
535
18.7
536
18.7333
536
18.7667
536
18.8
536
18.8333
536
18.8667
538
18.9
538
18.9333
539
18.9667
540
19
540
19.0333
541
19.0667
542
19.1
542
19.1333
542
19.1667
542
19.2
542
19.2333
544
19.2667
544
19.3
544
19.3333
544
19.3667
545
19.4
547
19.4333
548
19.4667
551
19.5
552
19.5333
552
19.5667
553
19.6
553
19.6333
554
19.6667
554
19.7
555
19.7333
556
19.7667
556
19.8
557
19.8333
558
19.8667
559
19.9
559
19.9333
559
19.9667
560
20
561
20.0333
561
20.0667
562
20.1
562
20.1333
562
20.1667
563
20.2
563
20.2333
563
20.2667
563
20.3
563
20.3333
563
20.3667
563
20.4
563
20.4333
563
20.4667
563
20.5
564
20.5333
565
20.5667
566
20.6
566
20.6333
566
20.6667
566
20.7
567
20.7333
568
20.7667
569
20.8
569
20.8333
569
20.8667
569
20.9
569
20.9333
569
20.9667
569
21
569
21.0333
569
21.0667
569
21.1
569
21.1333
569
21.1667
569
21.2
569
21.2333
569
21.2667
570
21.3
570
21.3333
570
21.3667
570
21.4
570
21.4333
571
21.4667
571
21.5
571
21.5333
571
21.5667
572
21.6
572
21.6333
572
21.6667
573
21.7
573
21.7333
573
21.7667
573
21.8
573
21.8333
573
21.8667
573
21.9
573
21.9333
573
21.9667
573
22
573
22.0333
573
22.0667
573
22.1
573
22.1333
573
22.1667
573
22.2
574
22.2333
574
22.2667
574
22.3
574
22.3333
574
22.3667
575
22.4
576
22.4333
576
22.4667
577
22.5
577
22.5333
577
22.5667
578
22.6
578
22.6333
579
22.6667
579
22.7
580
22.7333
581
22.7667
582
22.8
582
22.8333
582
22.8667
582
22.9
582
22.9333
582
22.9667
582
23
582
23.0333
582
23.0667
583
23.1
584
23.1333
584
23.1667
584
23.2
585
23.2333
585
23.2667
585
23.3
585
23.3333
585
23.3667
585
23.4
586
23.4333
586
23.4667
587
23.5
587
23.5333
587
23.5667
587
23.6
587
23.6333
587
23.6667
587
23.7
588
23.7333
588
23.7667
588
23.8
588
23.8333
588
23.8667
588
23.9
588
23.9333
589
23.9667
589
24
589
24.0333
589
24.0667
589
24.1
589
24.1333
589
24.1667
589
24.2
590
24.2333
591
24.2667
591
24.3
591
24.3333
591
24.3667
592
24.4
592
24.4333
592
24.4667
592
24.5
592
24.5333
592
24.5667
592
24.6
593
24.6333
593
24.6667
593
24.7
593
24.7333
593
24.7667
593
24.8
593
24.8333
593
24.8667
593
24.9
593
24.9333
594
24.9667
595
25
596
25.0333
597
25.0667
597
25.1
597
25.1333
597
25.1667
598
25.2
598
25.2333
599
25.2667
599
25.3
599
25.3333
599
25.3667
599
25.4
599
25.4333
601
25.4667
601
25.5
601
25.5333
601
25.5667
601
25.6
601
25.6333
601
25.6667
601
25.7
601
25.7333
601
25.7667
601
25.8
601
25.8333
601
25.8667
601
25.9
601
25.9333
601
25.9667
601
26
601
26.0333
601
26.0667
601
26.1
601
26.1333
601
26.1667
602
26.2
602
26.2333
602
26.2667
602
26.3
602
26.3333
603
26.3667
605
26.4
605
26.4333
606
26.4667
607
26.5
607
26.5333
607
26.5667
607
26.6
607
26.6333
607
26.6667
609
26.7
610
26.7333
610
26.7667
611
26.8
611
26.8333
611
26.8667
612
26.9
612
26.9333
612
26.9667
612
27
615
27.0333
616
27.0667
616
27.1
616
27.1333
616
27.1667
616
27.2
616
27.2333
616
27.2667
616
27.3
616
27.3333
616
27.3667
617
27.4
617
27.4333
617
27.4667
617
27.5
617
27.5333
617
27.5667
617
27.6
617
27.6333
619
27.6667
619
27.7
619
27.7333
620
27.7667
620
27.8
620
27.8333
620
27.8667
621
27.9
623
27.9333
624
27.9667
624
28
624
28.0333
625
28.0667
625
28.1
625
28.1333
625
28.1667
625
28.2
625
28.2333
625
28.2667
625
28.3
625
28.3333
625
28.3667
626
28.4
626
28.4333
626
28.4667
626
28.5
626
28.5333
626
28.5667
626
28.6
626
28.6333
626
28.6667
627
28.7
628
28.7333
629
28.7667
630
28.8
630
28.8333
630
28.8667
630
28.9
630
28.9333
631
28.9667
632
29
632
29.0333
632
29.0667
633
29.1
633
29.1333
633
29.1667
633
29.2
634
29.2333
634
29.2667
635
29.3
636
29.3333
636
29.3667
636
29.4
637
29.4333
637
29.4667
637
29.5
637
29.5333
637
29.5667
637
29.6
637
29.6333
639
29.6667
640
29.7
640
29.7333
642
29.7667
642
29.8
642
29.8333
642
29.8667
643
29.9
644
29.9333
644
29.9667
645
30
645
30.0333
646
30.0667
647
30.1
649
30.1333
649
30.1667
651
30.2
653
30.2333
655
30.2667
655
30.3
657
30.3333
658
30.3667
659
30.4
661
30.4333
662
30.4667
662
30.5
663
30.5333
663
30.5667
663
30.6
663
30.6333
664
30.6667
664
30.7
666
30.7333
668
30.7667
668
30.8
668
30.8333
669
30.8667
670
30.9
670
30.9333
670
30.9667
671
31
671
31.0333
673
31.0667
674
31.1
675
31.1333
675
31.1667
675
31.2
675
31.2333
675
31.2667
675
31.3
676
31.3333
676
31.3667
677
31.4
680
31.4333
680
31.4667
680
31.5
680
31.5333
680
31.5667
680
31.6
681
31.6333
682
31.6667
683
31.7
684
31.7333
685
31.7667
685
31.8
685
31.8333
685
31.8667
686
31.9
686
31.9333
687
31.9667
687
32
688
32.0333
688
32.0667
689
32.1
689
32.1333
690
32.1667
691
32.2
691
32.2333
692
32.2667
692
32.3
692
32.3333
692
32.3667
693
32.4
693
32.4333
693
32.4667
693
32.5
693
32.5333
693
32.5667
694
32.6
694
32.6333
695
32.6667
695
32.7
696
32.7333
696
32.7667
696
32.8
697
32.8333
697
32.8667
698
32.9
698
32.9333
699
32.9667
699
33
699
33.0333
699
33.0667
699
33.1
699
33.1333
699
33.1667
699
33.2
699
33.2333
700
33.2667
700
33.3
701
33.3333
701
33.3667
701
33.4
701
33.4333
701
33.4667
701
33.5
701
33.5333
701
33.5667
701
33.6
701
33.6333
701
33.6667
702
33.7
702
33.7333
702
33.7667
702
33.8
702
33.8333
702
33.8667
702
33.9
702
33.9333
702
33.9667
702
34
702
34.0333
702
34.0667
702
34.1
702
34.1333
702
34.1667
702
34.2
702
34.2333
702
34.2667
702
34.3
703
34.3333
703
34.3667
703
34.4
703
34.4333
703
34.4667
703
34.5
703
34.5333
703
34.5667
703
34.6
703
34.6333
703
34.6667
703
34.7
703
34.7333
703
34.7667
703
34.8
703
34.8333
704
34.8667
705
34.9
706
34.9333
706
34.9667
706
35
706
35.0333
706
35.0667
706
35.1
706
35.1333
706
35.1667
706
35.2
706
35.2333
706
35.2667
707
35.3
707
35.3333
707
35.3667
707
35.4
707
35.4333
708
35.4667
708
35.5
708
35.5333
708
35.5667
708
35.6
708
35.6333
708
35.6667
709
35.7
709
35.7333
709
35.7667
709
35.8
710
35.8333
710
35.8667
710
35.9
710
35.9333
710
35.9667
710
36
710
36.0333
710
36.0667
710
36.1
711
36.1333
711
36.1667
711
36.2
712
36.2333
712
36.2667
712
36.3
712
36.3333
712
36.3667
712
36.4
712
36.4333
712
36.4667
712
36.5
712
36.5333
712
36.5667
712
36.6
712
36.6333
712
36.6667
712
