0
1
0.0333333
1
0.0666667
1
0.1
1
0.133333
1
0.166667
1
0.2
1
0.233333
1
0.266667
1
0.3
1
0.333333
1
0.366667
1
0.4
1
0.433333
1
0.466667
1
0.5
1
0.533333
1
0.566667
1
0.6
1
0.633333
1
0.666667
1
0.7
1
0.733333
1
0.766667
1
0.8
1
0.833333
1
0.866667
1
0.9
1
0.933333
1
0.966667
1
1
1
1.03333
1
1.06667
1
1.1
1
1.13333
1
1.16667
1
1.2
1
1.23333
1
1.26667
1
1.3
1
1.33333
1
1.36667
1
1.4
1
1.43333
1
1.46667
1
1.5
1
1.53333
1
1.56667
1
1.6
1
1.63333
1
1.66667
1
1.7
1
1.73333
1
1.76667
1
1.8
1
1.83333
1
1.86667
1
1.9
1
1.93333
1
1.96667
1
2
1
2.03333
1
2.06667
1
2.1
1
2.13333
1
2.16667
1
2.2
1
2.23333
1
2.26667
1
2.3
1
2.33333
1
2.36667
1
2.4
1
2.43333
1
2.46667
1
2.5
1
2.53333
1
2.56667
1
2.6
1
2.63333
1
2.66667
1
2.7
1
2.73333
1
2.76667
1
2.8
1
2.83333
1
2.86667
1
2.9
1
2.93333
1
2.96667
1
3
1
3.03333
1
3.06667
1
3.1
1
3.13333
1
3.16667
1
3.2
1
3.23333
1
3.26667
1
3.3
1
3.33333
1
3.36667
1
3.4
1
3.43333
1
3.46667
1
3.5
1
3.53333
1
3.56667
1
3.6
1
3.63333
1
3.66667
1
3.7
1
3.73333
1
3.76667
1
3.8
1
3.83333
1
3.86667
1
3.9
1
3.93333
1
3.96667
1
4
1
4.03333
1
4.06667
1
4.1
1
4.13333
1
4.16667
1
4.2
1
4.23333
1
4.26667
1
4.3
1
4.33333
1
4.36667
1
4.4
1
4.43333
1
4.46667
1
4.5
1
4.53333
1
4.56667
1
4.6
1
4.63333
1
4.66667
1
4.7
1
4.73333
1
4.76667
1
4.8
1
4.83333
1
4.86667
1
4.9
1
4.93333
1
4.96667
1
5
1
5.03333
1
5.06667
1
5.1
1
5.13333
1
5.16667
1
5.2
1
5.23333
1
5.26667
1
5.3
1
5.33333
1
5.36667
1
5.4
1
5.43333
1
5.46667
1
5.5
1
5.53333
1
5.56667
1
5.6
1
5.63333
1
5.66667
1
5.7
1
5.73333
1
5.76667
1
5.8
1
5.83333
1
5.86667
1
5.9
1
5.93333
1
5.96667
1
6
1
6.03333
2
6.06667
2
6.1
2
6.13333
3
6.16667
3
6.2
3
6.23333
3
6.26667
3
6.3
3
6.33333
3
6.36667
3
6.4
3
6.43333
4
6.46667
4
6.5
4
6.53333
4
6.56667
5
6.6
5
6.63333
5
6.66667
5
6.7
5
6.73333
5
6.76667
5
6.8
5
6.83333
6
6.86667
7
6.9
7
6.93333
7
6.96667
7
7
7
7.03333
7
7.06667
7
7.1
7
7.13333
7
7.16667
9
7.2
9
7.23333
9
7.26667
9
7.3
9
7.33333
9
7.36667
9
7.4
9
7.43333
9
7.46667
9
7.5
10
7.53333
10
7.56667
11
7.6
11
7.63333
11
7.66667
11
7.7
11
7.73333
11
7.76667
12
7.8
12
7.83333
12
7.86667
12
7.9
12
7.93333
12
7.96667
12
8
12
8.03333
12
8.06667
12
8.1
13
8.13333
13
8.16667
14
8.2
14
8.23333
14
8.26667
14
8.3
14
8.33333
14
8.36667
14
8.4
16
8.43333
16
8.46667
17
8.5
18
8.53333
18
8.56667
18
8.6
18
8.63333
18
8.66667
18
8.7
18
8.73333
19
8.76667
19
8.8
19
8.83333
20
8.86667
20
8.9
20
8.93333
20
8.96667
20
9
20
9.03333
20
9.06667
20
9.1
20
9.13333
20
9.16667
20
9.2
20
9.23333
21
9.26667
21
9.3
22
9.33333
22
9.36667
22
9.4
22
9.43333
22
9.46667
22
9.5
22
9.53333
22
9.56667
22
9.6
23
9.63333
23
9.66667
23
9.7
25
9.73333
25
9.76667
26
9.8
26
9.83333
26
9.86667
28
9.9
28
9.93333
29
9.96667
30
10
31
10.0333
31
10.0667
31
10.1
31
10.1333
31
10.1667
31
10.2
32
10.2333
32
10.2667
32
10.3
32
10.3333
32
10.3667
33
10.4
34
10.4333
34
10.4667
34
10.5
35
10.5333
36
10.5667
36
10.6
37
10.6333
39
10.6667
40
10.7
40
10.7333
40
10.7667
40
10.8
40
10.8333
41
10.8667
41
10.9
41
10.9333
41
10.9667
41
11
41
11.0333
42
11.0667
42
11.1
42
11.1333
43
11.1667
43
11.2
43
11.2333
43
11.2667
43
11.3
44
11.3333
44
11.3667
44
11.4
44
11.4333
45
11.4667
45
11.5
46
11.5333
47
11.5667
48
11.6
48
11.6333
49
11.6667
50
11.7
50
11.7333
51
11.7667
54
11.8
54
11.8333
56
11.8667
57
11.9
58
11.9333
58
11.9667
61
12
62
12.0333
64
12.0667
67
12.1
69
12.1333
72
12.1667
73
12.2
75
12.2333
77
12.2667
78
12.3
78
12.3333
79
12.3667
80
12.4
80
12.4333
81
12.4667
82
12.5
83
12.5333
85
12.5667
85
12.6
87
12.6333
87
12.6667
87
12.7
87
12.7333
91
12.7667
94
12.8
94
12.8333
98
12.8667
99
12.9
100
12.9333
104
12.9667
104
13
105
13.0333
105
13.0667
108
13.1
109
13.1333
112
13.1667
113
13.2
116
13.2333
117
13.2667
122
13.3
125
13.3333
126
13.3667
128
13.4
133
13.4333
135
13.4667
140
13.5
140
13.5333
140
13.5667
144
13.6
144
13.6333
145
13.6667
145
13.7
146
13.7333
148
13.7667
151
13.8
152
13.8333
152
13.8667
152
13.9
154
13.9333
155
13.9667
158
14
160
14.0333
162
14.0667
162
14.1
165
14.1333
165
14.1667
165
14.2
167
14.2333
167
14.2667
168
14.3
168
14.3333
168
14.3667
168
14.4
169
14.4333
172
14.4667
174
14.5
174
14.5333
175
14.5667
176
14.6
178
14.6333
178
14.6667
178
14.7
178
14.7333
178
14.7667
178
14.8
179
14.8333
179
14.8667
180
14.9
180
14.9333
181
14.9667
181
15
182
15.0333
183
15.0667
183
15.1
183
15.1333
183
15.1667
183
15.2
183
15.2333
184
15.2667
184
15.3
184
15.3333
184
15.3667
184
15.4
184
15.4333
184
15.4667
185
15.5
185
15.5333
185
15.5667
186
15.6
187
15.6333
188
15.6667
188
15.7
188
15.7333
190
15.7667
191
15.8
191
15.8333
191
15.8667
191
15.9
191
15.9333
192
15.9667
193
16
193
16.0333
193
16.0667
193
16.1
193
16.1333
193
16.1667
193
16.2
193
16.2333
193
16.2667
193
16.3
193
16.3333
193
16.3667
193
16.4
193
16.4333
193
16.4667
193
16.5
193
16.5333
193
16.5667
193
16.6
194
16.6333
194
16.6667
195
16.7
196
16.7333
196
16.7667
197
16.8
197
16.8333
197
16.8667
197
16.9
197
16.9333
197
16.9667
197
17
197
17.0333
197
17.0667
197
17.1
197
17.1333
197
17.1667
197
17.2
198
17.2333
199
17.2667
199
17.3
201
17.3333
203
17.3667
205
17.4
206
17.4333
206
17.4667
207
17.5
208
17.5333
208
17.5667
208
17.6
208
17.6333
209
17.6667
209
17.7
210
17.7333
211
17.7667
211
17.8
211
17.8333
211
17.8667
211
17.9
211
17.9333
211
17.9667
212
18
214
18.0333
214
18.0667
214
18.1
214
18.1333
215
18.1667
215
18.2
216
18.2333
216
18.2667
216
18.3
218
18.3333
218
18.3667
219
18.4
219
18.4333
219
18.4667
221
18.5
222
18.5333
222
18.5667
222
18.6
222
18.6333
222
18.6667
222
18.7
222
18.7333
222
18.7667
222
18.8
224
18.8333
224
18.8667
224
18.9
225
18.9333
225
18.9667
225
19
225
19.0333
225
19.0667
225
19.1
226
19.1333
226
19.1667
226
19.2
226
19.2333
226
19.2667
226
19.3
226
19.3333
226
19.3667
226
19.4
226
19.4333
226
19.4667
226
19.5
226
19.5333
226
19.5667
226
19.6
226
19.6333
226
19.6667
226
19.7
226
19.7333
226
19.7667
226
19.8
226
19.8333
226
19.8667
226
19.9
226
19.9333
226
19.9667
226
20
226
20.0333
227
20.0667
227
20.1
228
20.1333
228
20.1667
228
20.2
228
20.2333
229
20.2667
229
20.3
229
20.3333
229
20.3667
229
20.4
229
20.4333
229
20.4667
229
20.5
229
20.5333
229
20.5667
229
20.6
229
20.6333
229
20.6667
229
20.7
229
20.7333
229
20.7667
229
20.8
229
20.8333
230
20.8667
230
20.9
230
20.9333
230
20.9667
230
21
230
21.0333
230
21.0667
230
21.1
230
21.1333
230
21.1667
230
21.2
231
21.2333
231
21.2667
231
21.3
231
21.3333
232
21.3667
232
21.4
232
21.4333
232
21.4667
232
21.5
232
21.5333
232
21.5667
232
21.6
233
21.6333
233
21.6667
233
21.7
233
21.7333
233
21.7667
233
21.8
233
21.8333
234
21.8667
234
21.9
235
21.9333
235
21.9667
235
22
235
22.0333
235
22.0667
235
22.1
235
22.1333
235
22.1667
235
22.2
235
22.2333
235
22.2667
235
22.3
235
22.3333
235
22.3667
235
22.4
235
22.4333
235
22.4667
235
22.5
237
22.5333
238
22.5667
238
22.6
238
22.6333
239
22.6667
239
22.7
239
22.7333
239
22.7667
239
22.8
239
22.8333
239
22.8667
239
22.9
239
22.9333
240
22.9667
240
23
240
23.0333
240
23.0667
240
23.1
240
23.1333
240
23.1667
240
23.2
240
23.2333
241
23.2667
241
23.3
241
23.3333
241
23.3667
243
23.4
243
23.4333
243
23.4667
243
23.5
243
23.5333
243
23.5667
243
23.6
243
23.6333
243
23.6667
245
23.7
245
23.7333
245
23.7667
245
23.8
245
23.8333
245
23.8667
245
23.9
245
23.9333
246
23.9667
246
24
246
24.0333
247
24.0667
247
24.1
247
24.1333
247
24.1667
247
24.2
247
24.2333
247
24.2667
247
24.3
247
24.3333
247
24.3667
247
24.4
247
24.4333
247
24.4667
247
24.5
247
24.5333
247
24.5667
247
24.6
247
24.6333
247
24.6667
248
24.7
248
24.7333
248
24.7667
248
24.8
248
24.8333
248
24.8667
248
24.9
248
24.9333
249
24.9667
249
25
249
25.0333
249
25.0667
249
25.1
249
25.1333
249
25.1667
249
25.2
249
25.2333
249
25.2667
249
25.3
249
25.3333
249
25.3667
249
25.4
249
25.4333
249
25.4667
249
25.5
249
25.5333
250
25.5667
250
25.6
250
25.6333
250
25.6667
250
25.7
250
25.7333
250
25.7667
250
25.8
250
25.8333
250
25.8667
251
25.9
251
25.9333
251
25.9667
251
26
251
26.0333
251
26.0667
252
26.1
252
26.1333
252
26.1667
252
26.2
252
26.2333
253
26.2667
253
26.3
253
26.3333
253
26.3667
253
26.4
253
26.4333
253
26.4667
253
26.5
253
26.5333
253
26.5667
253
26.6
254
26.6333
254
26.6667
254
26.7
254
26.7333
254
26.7667
254
26.8
254
26.8333
254
26.8667
255
26.9
255
26.9333
255
26.9667
255
27
255
27.0333
255
27.0667
256
27.1
256
27.1333
256
27.1667
256
27.2
256
27.2333
257
27.2667
257
27.3
257
27.3333
257
27.3667
257
27.4
257
27.4333
257
27.4667
257
27.5
257
27.5333
257
27.5667
258
27.6
258
27.6333
258
27.6667
258
27.7
258
27.7333
258
27.7667
258
27.8
258
27.8333
258
27.8667
258
27.9
258
27.9333
258
27.9667
258
28
258
28.0333
258
28.0667
258
28.1
258
28.1333
258
28.1667
260
28.2
261
28.2333
261
28.2667
261
28.3
262
28.3333
262
28.3667
263
28.4
264
28.4333
264
28.4667
264
28.5
264
28.5333
264
28.5667
264
28.6
264
28.6333
264
28.6667
264
28.7
264
28.7333
264
28.7667
264
28.8
264
28.8333
264
28.8667
264
28.9
264
28.9333
264
28.9667
264
29
264
29.0333
264
29.0667
264
29.1
264
29.1333
264
29.1667
264
29.2
264
29.2333
264
29.2667
264
29.3
264
29.3333
264
29.3667
265
29.4
265
29.4333
267
29.4667
267
29.5
267
29.5333
267
29.5667
267
29.6
267
29.6333
267
29.6667
267
29.7
267
29.7333
267
29.7667
267
29.8
267
29.8333
267
29.8667
267
29.9
267
29.9333
267
29.9667
268
30
268
30.0333
268
30.0667
268
30.1
268
30.1333
268
30.1667
268
30.2
268
30.2333
268
30.2667
269
30.3
269
30.3333
269
30.3667
269
30.4
269
30.4333
269
30.4667
269
30.5
269
30.5333
269
30.5667
269
30.6
269
30.6333
269
30.6667
269
30.7
269
30.7333
269
30.7667
269
30.8
269
30.8333
269
30.8667
269
30.9
269
30.9333
269
30.9667
269
31
269
31.0333
269
31.0667
269
31.1
269
31.1333
269
31.1667
269
31.2
269
31.2333
269
31.2667
269
31.3
269
31.3333
269
31.3667
269
31.4
269
31.4333
269
31.4667
269
31.5
269
31.5333
269
31.5667
269
31.6
269
31.6333
269
31.6667
269
31.7
269
31.7333
269
31.7667
269
31.8
269
31.8333
269
31.8667
269
31.9
269
31.9333
269
31.9667
269
32
269
32.0333
269
32.0667
269
32.1
269
32.1333
269
32.1667
269
32.2
269
32.2333
269
32.2667
269
32.3
269
32.3333
269
32.3667
269
32.4
269
32.4333
269
32.4667
269
32.5
270
32.5333
270
32.5667
271
32.6
271
32.6333
271
32.6667
271
32.7
271
32.7333
271
32.7667
271
32.8
271
32.8333
271
32.8667
271
32.9
271
32.9333
271
32.9667
271
33
271
33.0333
271
33.0667
271
33.1
271
33.1333
271
33.1667
271
33.2
271
33.2333
272
33.2667
272
33.3
272
33.3333
272
33.3667
272
33.4
272
33.4333
272
33.4667
272
33.5
272
33.5333
272
33.5667
272
33.6
272
33.6333
272
33.6667
272
33.7
272
33.7333
272
33.7667
272
33.8
272
33.8333
272
33.8667
272
33.9
272
33.9333
272
33.9667
272
34
272
34.0333
272
34.0667
272
34.1
272
34.1333
272
34.1667
272
34.2
272
34.2333
272
34.2667
274
34.3
274
34.3333
274
34.3667
274
34.4
275
34.4333
275
34.4667
275
34.5
275
34.5333
275
34.5667
275
34.6
275
34.6333
275
34.6667
275
34.7
275
34.7333
275
34.7667
275
34.8
275
34.8333
276
34.8667
276
34.9
276
34.9333
276
34.9667
276
35
276
35.0333
276
35.0667
276
35.1
276
35.1333
277
35.1667
277
35.2
277
35.2333
277
35.2667
277
35.3
277
35.3333
277
35.3667
277
35.4
277
35.4333
277
35.4667
277
35.5
277
35.5333
277
35.5667
277
35.6
277
35.6333
277
35.6667
277
35.7
277
35.7333
277
35.7667
277
35.8
277
35.8333
277
35.8667
277
35.9
277
35.9333
277
35.9667
277
36
277
36.0333
277
36.0667
277
36.1
277
36.1333
277
36.1667
277
36.2
277
36.2333
277
36.2667
277
36.3
277
36.3333
277
36.3667
277
36.4
277
36.4333
277
36.4667
277
36.5
278
36.5333
278
36.5667
278
36.6
278
36.6333
278
36.6667
278
