0
1
0.0333333
1
0.0666667
1
0.1
1
0.133333
1
0.166667
1
0.2
1
0.233333
1
0.266667
1
0.3
1
0.333333
1
0.366667
1
0.4
1
0.433333
1
0.466667
1
0.5
1
0.533333
1
0.566667
1
0.6
1
0.633333
1
0.666667
1
0.7
1
0.733333
1
0.766667
1
0.8
1
0.833333
1
0.866667
1
0.9
1
0.933333
1
0.966667
1
1
1
1.03333
1
1.06667
1
1.1
1
1.13333
1
1.16667
1
1.2
1
1.23333
1
1.26667
1
1.3
1
1.33333
1
1.36667
1
1.4
1
1.43333
1
1.46667
1
1.5
1
1.53333
1
1.56667
1
1.6
1
1.63333
1
1.66667
1
1.7
1
1.73333
1
1.76667
1
1.8
1
1.83333
1
1.86667
1
1.9
1
1.93333
1
1.96667
1
2
1
2.03333
1
2.06667
1
2.1
1
2.13333
1
2.16667
1
2.2
1
2.23333
1
2.26667
1
2.3
1
2.33333
1
2.36667
1
2.4
1
2.43333
1
2.46667
1
2.5
1
2.53333
1
2.56667
1
2.6
1
2.63333
1
2.66667
1
2.7
1
2.73333
1
2.76667
1
2.8
1
2.83333
1
2.86667
1
2.9
1
2.93333
1
2.96667
1
3
1
3.03333
1
3.06667
1
3.1
1
3.13333
1
3.16667
1
3.2
1
3.23333
1
3.26667
1
3.3
1
3.33333
1
3.36667
1
3.4
1
3.43333
1
3.46667
1
3.5
1
3.53333
1
3.56667
1
3.6
1
3.63333
1
3.66667
1
3.7
1
3.73333
1
3.76667
1
3.8
1
3.83333
1
3.86667
1
3.9
1
3.93333
1
3.96667
1
4
1
4.03333
1
4.06667
1
4.1
1
4.13333
1
4.16667
1
4.2
1
4.23333
1
4.26667
1
4.3
1
4.33333
1
4.36667
1
4.4
1
4.43333
1
4.46667
1
4.5
1
4.53333
1
4.56667
1
4.6
1
4.63333
1
4.66667
1
4.7
1
4.73333
1
4.76667
1
4.8
1
4.83333
1
4.86667
1
4.9
1
4.93333
1
4.96667
1
5
1
5.03333
1
5.06667
1
5.1
1
5.13333
1
5.16667
1
5.2
1
5.23333
1
5.26667
1
5.3
1
5.33333
1
5.36667
1
5.4
1
5.43333
1
5.46667
1
5.5
1
5.53333
1
5.56667
3
5.6
3
5.63333
3
5.66667
3
5.7
4
5.73333
4
5.76667
4
5.8
4
5.83333
4
5.86667
4
5.9
4
5.93333
4
5.96667
4
6
5
6.03333
5
6.06667
5
6.1
6
6.13333
6
6.16667
6
6.2
6
6.23333
6
6.26667
6
6.3
7
6.33333
7
6.36667
7
6.4
7
6.43333
7
6.46667
7
6.5
8
6.53333
8
6.56667
8
6.6
9
6.63333
9
6.66667
9
6.7
10
6.73333
10
6.76667
10
6.8
10
6.83333
10
6.86667
12
6.9
12
6.93333
14
6.96667
14
7
14
7.03333
15
7.06667
15
7.1
15
7.13333
15
7.16667
15
7.2
15
7.23333
16
7.26667
16
7.3
16
7.33333
16
7.36667
16
7.4
16
7.43333
16
7.46667
17
7.5
17
7.53333
19
7.56667
19
7.6
19
7.63333
19
7.66667
20
7.7
20
7.73333
20
7.76667
20
7.8
20
7.83333
20
7.86667
20
7.9
20
7.93333
20
7.96667
20
8
20
8.03333
20
8.06667
20
8.1
20
8.13333
20
8.16667
20
8.2
20
8.23333
20
8.26667
21
8.3
21
8.33333
21
8.36667
21
8.4
21
8.43333
21
8.46667
21
8.5
21
8.53333
22
8.56667
22
8.6
22
8.63333
23
8.66667
23
8.7
23
8.73333
23
8.76667
23
8.8
23
8.83333
23
8.86667
23
8.9
24
8.93333
25
8.96667
26
9
26
9.03333
26
9.06667
26
9.1
26
9.13333
26
9.16667
26
9.2
26
9.23333
26
9.26667
26
9.3
26
9.33333
26
9.36667
26
9.4
26
9.43333
26
9.46667
27
9.5
27
9.53333
27
9.56667
27
9.6
27
9.63333
27
9.66667
27
9.7
27
9.73333
27
9.76667
28
9.8
28
9.83333
28
9.86667
28
9.9
28
9.93333
28
9.96667
28
10
28
10.0333
28
10.0667
28
10.1
28
10.1333
28
10.1667
28
10.2
28
10.2333
28
10.2667
28
10.3
28
10.3333
28
10.3667
28
10.4
28
10.4333
28
10.4667
28
10.5
28
10.5333
28
10.5667
28
10.6
28
10.6333
28
10.6667
28
10.7
28
10.7333
28
10.7667
28
10.8
28
10.8333
28
10.8667
28
10.9
28
10.9333
28
10.9667
28
11
28
11.0333
28
11.0667
28
11.1
28
11.1333
28
11.1667
28
11.2
28
11.2333
28
11.2667
28
11.3
28
11.3333
28
11.3667
28
11.4
28
11.4333
28
11.4667
28
11.5
28
11.5333
28
11.5667
28
11.6
29
11.6333
29
11.6667
29
11.7
29
11.7333
29
11.7667
29
11.8
29
11.8333
29
11.8667
29
11.9
29
11.9333
29
11.9667
29
12
29
12.0333
29
12.0667
29
12.1
29
12.1333
29
12.1667
29
12.2
29
12.2333
29
12.2667
29
12.3
29
12.3333
29
12.3667
29
12.4
29
12.4333
29
12.4667
29
12.5
29
12.5333
29
12.5667
29
12.6
29
12.6333
29
12.6667
29
12.7
29
12.7333
29
12.7667
30
12.8
31
12.8333
31
12.8667
31
12.9
31
12.9333
31
12.9667
31
13
31
13.0333
31
13.0667
31
13.1
31
13.1333
31
13.1667
31
13.2
31
13.2333
31
13.2667
31
13.3
31
13.3333
32
13.3667
33
13.4
33
13.4333
33
13.4667
33
13.5
33
13.5333
33
13.5667
33
13.6
33
13.6333
33
13.6667
33
13.7
33
13.7333
33
13.7667
33
13.8
33
13.8333
33
13.8667
33
13.9
33
13.9333
34
13.9667
34
14
34
14.0333
34
14.0667
34
14.1
34
14.1333
34
14.1667
34
14.2
34
14.2333
34
14.2667
34
14.3
34
14.3333
34
14.3667
34
14.4
34
14.4333
34
14.4667
34
14.5
34
14.5333
34
14.5667
34
14.6
34
14.6333
34
14.6667
34
14.7
34
14.7333
34
14.7667
34
14.8
34
14.8333
34
14.8667
34
14.9
34
14.9333
34
14.9667
34
15
34
15.0333
34
15.0667
34
15.1
34
15.1333
34
15.1667
34
15.2
34
15.2333
34
15.2667
34
15.3
34
15.3333
34
15.3667
34
15.4
34
15.4333
34
15.4667
34
15.5
34
15.5333
34
15.5667
34
15.6
34
15.6333
34
15.6667
34
15.7
34
15.7333
34
15.7667
34
15.8
34
15.8333
34
15.8667
34
15.9
34
15.9333
34
15.9667
34
16
34
16.0333
34
16.0667
34
16.1
34
16.1333
34
16.1667
34
16.2
34
16.2333
34
16.2667
34
16.3
34
16.3333
34
16.3667
34
16.4
34
16.4333
34
16.4667
34
16.5
34
16.5333
34
16.5667
34
16.6
34
16.6333
34
16.6667
34
16.7
34
16.7333
34
16.7667
34
16.8
34
16.8333
34
16.8667
34
16.9
34
16.9333
34
16.9667
34
17
34
17.0333
34
17.0667
34
17.1
34
17.1333
34
17.1667
34
17.2
34
17.2333
34
17.2667
34
17.3
34
17.3333
34
17.3667
34
17.4
34
17.4333
34
17.4667
34
17.5
34
17.5333
34
17.5667
34
17.6
34
17.6333
34
17.6667
34
17.7
34
17.7333
34
17.7667
34
17.8
34
17.8333
34
17.8667
34
17.9
34
17.9333
34
17.9667
34
18
34
18.0333
34
18.0667
34
18.1
34
18.1333
34
18.1667
34
18.2
34
18.2333
34
18.2667
34
18.3
34
18.3333
35
18.3667
35
18.4
35
18.4333
35
18.4667
35
18.5
35
18.5333
35
18.5667
35
18.6
35
18.6333
35
18.6667
35
18.7
35
18.7333
35
18.7667
35
18.8
35
18.8333
35
18.8667
35
18.9
35
18.9333
35
18.9667
35
19
35
19.0333
36
19.0667
37
19.1
37
19.1333
37
19.1667
37
19.2
37
19.2333
37
19.2667
37
19.3
37
19.3333
37
19.3667
37
19.4
37
19.4333
37
19.4667
37
19.5
37
19.5333
37
19.5667
38
19.6
38
19.6333
38
19.6667
38
19.7
38
19.7333
38
19.7667
38
19.8
38
19.8333
39
19.8667
39
19.9
39
19.9333
40
19.9667
40
20
40
20.0333
40
20.0667
40
20.1
40
20.1333
40
20.1667
40
20.2
40
20.2333
40
20.2667
40
20.3
40
20.3333
40
20.3667
40
20.4
40
20.4333
40
20.4667
40
20.5
40
20.5333
40
20.5667
40
20.6
40
20.6333
40
20.6667
40
20.7
40
20.7333
40
20.7667
40
20.8
40
20.8333
40
20.8667
40
20.9
40
20.9333
40
20.9667
40
21
40
21.0333
40
21.0667
40
21.1
40
21.1333
40
21.1667
40
21.2
40
21.2333
40
21.2667
40
21.3
40
21.3333
40
21.3667
40
21.4
40
21.4333
40
21.4667
40
21.5
40
21.5333
40
21.5667
40
21.6
40
21.6333
40
21.6667
40
21.7
40
21.7333
40
21.7667
40
21.8
40
21.8333
40
21.8667
40
21.9
40
21.9333
40
21.9667
40
22
40
22.0333
40
22.0667
40
22.1
40
22.1333
40
22.1667
40
22.2
40
22.2333
40
22.2667
40
22.3
40
22.3333
40
22.3667
40
22.4
40
22.4333
40
22.4667
40
22.5
40
22.5333
40
22.5667
40
22.6
40
22.6333
42
22.6667
42
22.7
42
22.7333
42
22.7667
42
22.8
42
22.8333
42
22.8667
42
22.9
42
22.9333
42
22.9667
42
23
43
23.0333
43
23.0667
43
23.1
43
23.1333
43
23.1667
43
23.2
43
23.2333
43
23.2667
43
23.3
43
23.3333
43
23.3667
43
23.4
43
23.4333
44
23.4667
44
23.5
44
23.5333
44
23.5667
44
23.6
44
23.6333
44
23.6667
44
23.7
44
23.7333
44
23.7667
44
23.8
44
23.8333
44
23.8667
44
23.9
44
23.9333
44
23.9667
44
24
44
24.0333
44
24.0667
44
24.1
44
24.1333
45
24.1667
45
24.2
45
24.2333
45
24.2667
45
24.3
45
24.3333
45
24.3667
45
24.4
45
24.4333
45
24.4667
45
24.5
45
24.5333
45
24.5667
45
24.6
45
24.6333
45
24.6667
45
24.7
45
24.7333
45
24.7667
45
24.8
45
24.8333
45
24.8667
45
24.9
45
24.9333
45
24.9667
45
25
45
25.0333
45
25.0667
45
25.1
45
25.1333
45
25.1667
45
25.2
45
25.2333
45
25.2667
45
25.3
45
25.3333
45
25.3667
45
25.4
45
25.4333
45
25.4667
45
25.5
45
25.5333
45
25.5667
45
25.6
45
25.6333
45
25.6667
45
25.7
45
25.7333
45
25.7667
46
25.8
46
25.8333
46
25.8667
46
25.9
46
25.9333
46
25.9667
46
26
46
26.0333
46
26.0667
46
26.1
46
26.1333
46
26.1667
46
26.2
46
26.2333
46
26.2667
46
26.3
46
26.3333
46
26.3667
46
26.4
46
26.4333
46
26.4667
46
26.5
46
26.5333
46
26.5667
46
26.6
46
26.6333
46
26.6667
46
26.7
46
26.7333
46
26.7667
46
26.8
46
26.8333
46
26.8667
46
26.9
46
26.9333
46
26.9667
46
27
46
27.0333
46
27.0667
46
27.1
46
27.1333
46
27.1667
46
27.2
46
27.2333
46
27.2667
46
27.3
46
27.3333
46
27.3667
46
27.4
46
27.4333
46
27.4667
46
27.5
46
27.5333
46
27.5667
46
27.6
46
27.6333
46
27.6667
46
27.7
46
27.7333
46
27.7667
46
27.8
46
27.8333
46
27.8667
46
27.9
47
27.9333
47
27.9667
47
28
47
28.0333
47
28.0667
47
28.1
47
28.1333
47
28.1667
47
28.2
47
28.2333
47
28.2667
47
28.3
47
28.3333
47
28.3667
47
28.4
47
28.4333
47
28.4667
47
28.5
47
28.5333
47
28.5667
47
28.6
47
28.6333
47
28.6667
47
28.7
47
28.7333
47
28.7667
47
28.8
47
28.8333
47
28.8667
47
28.9
47
28.9333
47
28.9667
47
29
47
29.0333
47
29.0667
47
29.1
47
29.1333
47
29.1667
47
29.2
47
29.2333
47
29.2667
47
29.3
47
29.3333
47
29.3667
47
29.4
47
29.4333
47
29.4667
47
29.5
47
29.5333
47
29.5667
47
29.6
47
29.6333
47
29.6667
47
29.7
47
29.7333
47
29.7667
47
29.8
47
29.8333
47
29.8667
47
29.9
47
29.9333
47
29.9667
47
30
47
30.0333
47
30.0667
47
30.1
47
30.1333
47
30.1667
47
30.2
47
30.2333
47
30.2667
47
30.3
47
30.3333
47
30.3667
47
30.4
47
30.4333
47
30.4667
47
30.5
47
30.5333
47
30.5667
47
30.6
47
30.6333
47
30.6667
47
30.7
47
30.7333
47
30.7667
47
30.8
47
30.8333
47
30.8667
47
30.9
47
30.9333
47
30.9667
47
31
47
31.0333
47
31.0667
47
31.1
47
31.1333
47
31.1667
47
31.2
47
31.2333
47
31.2667
47
31.3
47
31.3333
47
31.3667
47
31.4
47
31.4333
47
31.4667
47
31.5
47
31.5333
47
31.5667
48
31.6
48
31.6333
48
31.6667
48
31.7
48
31.7333
48
31.7667
48
31.8
48
31.8333
48
31.8667
48
31.9
48
31.9333
48
31.9667
48
32
48
32.0333
48
32.0667
48
32.1
48
32.1333
48
32.1667
48
32.2
48
32.2333
48
32.2667
48
32.3
48
32.3333
48
32.3667
48
32.4
48
32.4333
48
32.4667
48
32.5
48
32.5333
48
32.5667
48
32.6
48
32.6333
48
32.6667
48
32.7
48
32.7333
48
32.7667
48
32.8
48
32.8333
48
32.8667
48
32.9
48
32.9333
48
32.9667
48
33
48
33.0333
48
33.0667
48
33.1
48
33.1333
48
33.1667
48
33.2
48
33.2333
48
33.2667
48
33.3
48
33.3333
48
33.3667
48
33.4
48
33.4333
48
33.4667
48
33.5
48
33.5333
48
33.5667
48
33.6
48
33.6333
48
33.6667
48
33.7
48
33.7333
48
33.7667
48
33.8
48
33.8333
48
33.8667
48
33.9
48
33.9333
48
33.9667
48
34
48
34.0333
48
34.0667
48
34.1
48
34.1333
48
34.1667
48
34.2
48
34.2333
48
34.2667
48
34.3
48
34.3333
48
34.3667
48
34.4
48
34.4333
48
34.4667
48
34.5
48
34.5333
48
34.5667
48
34.6
48
34.6333
48
34.6667
48
34.7
48
34.7333
48
34.7667
48
34.8
48
34.8333
48
34.8667
48
34.9
48
34.9333
48
34.9667
48
35
48
35.0333
48
35.0667
48
35.1
48
35.1333
48
35.1667
48
35.2
48
35.2333
48
35.2667
48
35.3
48
35.3333
48
35.3667
48
35.4
48
35.4333
48
35.4667
48
35.5
48
35.5333
49
35.5667
49
35.6
49
35.6333
49
35.6667
49
35.7
49
35.7333
49
35.7667
49
35.8
49
35.8333
49
35.8667
49
35.9
49
35.9333
49
35.9667
49
36
49
36.0333
49
36.0667
49
36.1
49
36.1333
49
36.1667
49
36.2
49
36.2333
49
36.2667
49
36.3
49
36.3333
49
36.3667
49
36.4
49
36.4333
49
36.4667
49
36.5
49
36.5333
49
36.5667
49
36.6
49
36.6333
49
36.6667
49
