0
1
0.0333333
1
0.0666667
1
0.1
1
0.133333
1
0.166667
1
0.2
1
0.233333
1
0.266667
1
0.3
1
0.333333
1
0.366667
1
0.4
1
0.433333
1
0.466667
1
0.5
1
0.533333
1
0.566667
1
0.6
1
0.633333
1
0.666667
1
0.7
1
0.733333
1
0.766667
1
0.8
1
0.833333
1
0.866667
1
0.9
1
0.933333
1
0.966667
1
1
1
1.03333
1
1.06667
1
1.1
1
1.13333
1
1.16667
1
1.2
1
1.23333
1
1.26667
1
1.3
1
1.33333
1
1.36667
1
1.4
1
1.43333
1
1.46667
1
1.5
1
1.53333
1
1.56667
1
1.6
1
1.63333
1
1.66667
1
1.7
1
1.73333
1
1.76667
1
1.8
1
1.83333
1
1.86667
1
1.9
1
1.93333
1
1.96667
1
2
1
2.03333
1
2.06667
1
2.1
1
2.13333
1
2.16667
1
2.2
1
2.23333
1
2.26667
1
2.3
1
2.33333
1
2.36667
1
2.4
1
2.43333
1
2.46667
1
2.5
1
2.53333
1
2.56667
1
2.6
1
2.63333
1
2.66667
1
2.7
1
2.73333
1
2.76667
1
2.8
1
2.83333
1
2.86667
1
2.9
1
2.93333
1
2.96667
1
3
1
3.03333
1
3.06667
1
3.1
1
3.13333
1
3.16667
1
3.2
1
3.23333
1
3.26667
1
3.3
1
3.33333
1
3.36667
1
3.4
1
3.43333
1
3.46667
1
3.5
1
3.53333
1
3.56667
1
3.6
1
3.63333
1
3.66667
1
3.7
1
3.73333
1
3.76667
1
3.8
1
3.83333
1
3.86667
1
3.9
1
3.93333
1
3.96667
1
4
1
4.03333
1
4.06667
1
4.1
1
4.13333
1
4.16667
1
4.2
1
4.23333
1
4.26667
1
4.3
1
4.33333
1
4.36667
1
4.4
1
4.43333
1
4.46667
1
4.5
1
4.53333
1
4.56667
1
4.6
1
4.63333
1
4.66667
1
4.7
1
4.73333
1
4.76667
1
4.8
1
4.83333
1
4.86667
1
4.9
1
4.93333
1
4.96667
1
5
1
5.03333
1
5.06667
1
5.1
1
5.13333
1
5.16667
1
5.2
1
5.23333
1
5.26667
1
5.3
1
5.33333
1
5.36667
1
5.4
1
5.43333
1
5.46667
1
5.5
1
5.53333
1
5.56667
1
5.6
2
5.63333
4
5.66667
4
5.7
4
5.73333
4
5.76667
5
5.8
5
5.83333
5
5.86667
6
5.9
7
5.93333
7
5.96667
7
6
7
6.03333
7
6.06667
7
6.1
7
6.13333
8
6.16667
8
6.2
9
6.23333
9
6.26667
9
6.3
9
6.33333
10
6.36667
11
6.4
11
6.43333
11
6.46667
11
6.5
13
6.53333
14
6.56667
16
6.6
17
6.63333
17
6.66667
17
6.7
19
6.73333
19
6.76667
20
6.8
21
6.83333
23
6.86667
25
6.9
26
6.93333
26
6.96667
27
7
27
7.03333
27
7.06667
29
7.1
29
7.13333
29
7.16667
30
7.2
31
7.23333
32
7.26667
32
7.3
34
7.33333
35
7.36667
36
7.4
37
7.43333
39
7.46667
39
7.5
40
7.53333
41
7.56667
42
7.6
44
7.63333
44
7.66667
45
7.7
46
7.73333
49
7.76667
50
7.8
50
7.83333
50
7.86667
50
7.9
50
7.93333
51
7.96667
53
8
53
8.03333
53
8.06667
53
8.1
54
8.13333
54
8.16667
54
8.2
54
8.23333
54
8.26667
55
8.3
55
8.33333
56
8.36667
56
8.4
58
8.43333
59
8.46667
61
8.5
62
8.53333
62
8.56667
62
8.6
62
8.63333
62
8.66667
62
8.7
62
8.73333
62
8.76667
62
8.8
63
8.83333
63
8.86667
63
8.9
65
8.93333
65
8.96667
65
9
65
9.03333
65
9.06667
65
9.1
65
9.13333
65
9.16667
65
9.2
65
9.23333
65
9.26667
66
9.3
68
9.33333
68
9.36667
68
9.4
68
9.43333
68
9.46667
70
9.5
71
9.53333
71
9.56667
71
9.6
71
9.63333
71
9.66667
71
9.7
71
9.73333
72
9.76667
73
9.8
73
9.83333
73
9.86667
75
9.9
75
9.93333
75
9.96667
75
10
76
10.0333
77
10.0667
79
10.1
80
10.1333
81
10.1667
81
10.2
82
10.2333
82
10.2667
82
10.3
82
10.3333
82
10.3667
83
10.4
83
10.4333
83
10.4667
83
10.5
86
10.5333
86
10.5667
86
10.6
86
10.6333
87
10.6667
87
10.7
87
10.7333
88
10.7667
88
10.8
88
10.8333
89
10.8667
89
10.9
89
10.9333
89
10.9667
89
11
90
11.0333
90
11.0667
90
11.1
90
11.1333
91
11.1667
91
11.2
91
11.2333
91
11.2667
91
11.3
91
11.3333
92
11.3667
92
11.4
93
11.4333
93
11.4667
94
11.5
94
11.5333
94
11.5667
95
11.6
95
11.6333
95
11.6667
95
11.7
96
11.7333
96
11.7667
96
11.8
97
11.8333
97
11.8667
98
11.9
98
11.9333
99
11.9667
101
12
101
12.0333
102
12.0667
102
12.1
102
12.1333
102
12.1667
102
12.2
102
12.2333
102
12.2667
102
12.3
102
12.3333
102
12.3667
103
12.4
103
12.4333
103
12.4667
103
12.5
103
12.5333
103
12.5667
103
12.6
103
12.6333
103
12.6667
103
12.7
105
12.7333
106
12.7667
106
12.8
106
12.8333
106
12.8667
107
12.9
108
12.9333
108
12.9667
110
13
113
13.0333
113
13.0667
113
13.1
114
13.1333
114
13.1667
114
13.2
114
13.2333
114
13.2667
114
13.3
114
13.3333
114
13.3667
114
13.4
114
13.4333
114
13.4667
114
13.5
114
13.5333
114
13.5667
114
13.6
115
13.6333
115
13.6667
115
13.7
115
13.7333
115
13.7667
116
13.8
117
13.8333
117
13.8667
117
13.9
118
13.9333
119
13.9667
119
14
120
14.0333
120
14.0667
121
14.1
123
14.1333
124
14.1667
124
14.2
124
14.2333
124
14.2667
124
14.3
124
14.3333
124
14.3667
124
14.4
124
14.4333
124
14.4667
124
14.5
124
14.5333
124
14.5667
125
14.6
125
14.6333
125
14.6667
125
14.7
125
14.7333
125
14.7667
125
14.8
125
14.8333
125
14.8667
126
14.9
126
14.9333
127
14.9667
127
15
127
15.0333
127
15.0667
127
15.1
127
15.1333
127
15.1667
127
15.2
127
15.2333
127
15.2667
127
15.3
127
15.3333
127
15.3667
127
15.4
127
15.4333
127
15.4667
127
15.5
127
15.5333
127
15.5667
127
15.6
127
15.6333
127
15.6667
127
15.7
128
15.7333
129
15.7667
129
15.8
129
15.8333
130
15.8667
130
15.9
130
15.9333
130
15.9667
130
16
133
16.0333
133
16.0667
134
16.1
134
16.1333
134
16.1667
134
16.2
134
16.2333
134
16.2667
135
16.3
135
16.3333
136
16.3667
136
16.4
136
16.4333
137
16.4667
137
16.5
137
16.5333
137
16.5667
137
16.6
137
16.6333
138
16.6667
139
16.7
139
16.7333
141
16.7667
142
16.8
143
16.8333
143
16.8667
143
16.9
143
16.9333
143
16.9667
143
17
144
17.0333
144
17.0667
144
17.1
144
17.1333
144
17.1667
146
17.2
146
17.2333
146
17.2667
147
17.3
149
17.3333
149
17.3667
149
17.4
149
17.4333
149
17.4667
149
17.5
149
17.5333
149
17.5667
152
17.6
152
17.6333
152
17.6667
152
17.7
154
17.7333
155
17.7667
156
17.8
158
17.8333
159
17.8667
159
17.9
160
17.9333
161
17.9667
162
18
163
18.0333
165
18.0667
166
18.1
168
18.1333
171
18.1667
172
18.2
172
18.2333
172
18.2667
172
18.3
172
18.3333
173
18.3667
173
18.4
175
18.4333
176
18.4667
176
18.5
176
18.5333
176
18.5667
176
18.6
176
18.6333
176
18.6667
176
18.7
176
18.7333
176
18.7667
176
18.8
177
18.8333
178
18.8667
179
18.9
179
18.9333
179
18.9667
180
19
180
19.0333
180
19.0667
180
19.1
180
19.1333
181
19.1667
181
19.2
181
19.2333
181
19.2667
182
19.3
182
19.3333
182
19.3667
182
19.4
182
19.4333
183
19.4667
185
19.5
185
19.5333
185
19.5667
185
19.6
185
19.6333
185
19.6667
186
19.7
186
19.7333
186
19.7667
186
19.8
186
19.8333
186
19.8667
186
19.9
186
19.9333
186
19.9667
186
20
186
20.0333
186
20.0667
186
20.1
186
20.1333
186
20.1667
186
20.2
186
20.2333
186
20.2667
186
20.3
186
20.3333
186
20.3667
186
20.4
186
20.4333
186
20.4667
186
20.5
186
20.5333
186
20.5667
187
20.6
188
20.6333
188
20.6667
188
20.7
188
20.7333
188
20.7667
190
20.8
190
20.8333
190
20.8667
190
20.9
191
20.9333
191
20.9667
191
21
191
21.0333
191
21.0667
191
21.1
191
21.1333
191
21.1667
191
21.2
191
21.2333
191
21.2667
191
21.3
191
21.3333
191
21.3667
191
21.4
191
21.4333
192
21.4667
193
21.5
193
21.5333
193
21.5667
193
21.6
193
21.6333
193
21.6667
193
21.7
193
21.7333
193
21.7667
193
21.8
193
21.8333
193
21.8667
194
21.9
194
21.9333
194
21.9667
194
22
194
22.0333
194
22.0667
195
22.1
195
22.1333
195
22.1667
195
22.2
195
22.2333
195
22.2667
195
22.3
195
22.3333
195
22.3667
195
22.4
195
22.4333
195
22.4667
195
22.5
196
22.5333
196
22.5667
196
22.6
196
22.6333
196
22.6667
196
22.7
196
22.7333
196
22.7667
196
22.8
196
22.8333
197
22.8667
197
22.9
197
22.9333
197
22.9667
197
23
197
23.0333
197
23.0667
197
23.1
197
23.1333
197
23.1667
197
23.2
197
23.2333
197
23.2667
197
23.3
197
23.3333
197
23.3667
197
23.4
197
23.4333
197
23.4667
197
23.5
197
23.5333
197
23.5667
197
23.6
198
23.6333
198
23.6667
198
23.7
198
23.7333
198
23.7667
198
23.8
199
23.8333
199
23.8667
199
23.9
199
23.9333
199
23.9667
199
24
199
24.0333
199
24.0667
199
24.1
199
24.1333
199
24.1667
199
24.2
199
24.2333
199
24.2667
199
24.3
200
24.3333
200
24.3667
200
24.4
200
24.4333
200
24.4667
200
24.5
200
24.5333
200
24.5667
200
24.6
200
24.6333
200
24.6667
202
24.7
202
24.7333
203
24.7667
204
24.8
205
24.8333
205
24.8667
206
24.9
206
24.9333
206
24.9667
206
25
207
25.0333
207
25.0667
207
25.1
208
25.1333
208
25.1667
208
25.2
208
25.2333
209
25.2667
209
25.3
210
25.3333
210
25.3667
210
25.4
210
25.4333
210
25.4667
210
25.5
210
25.5333
210
25.5667
210
25.6
210
25.6333
210
25.6667
211
25.7
211
25.7333
211
25.7667
211
25.8
211
25.8333
211
25.8667
211
25.9
211
25.9333
211
25.9667
211
26
211
26.0333
211
26.0667
211
26.1
211
26.1333
211
26.1667
211
26.2
211
26.2333
211
26.2667
211
26.3
211
26.3333
211
26.3667
211
26.4
211
26.4333
211
26.4667
211
26.5
211
26.5333
211
26.5667
212
26.6
212
26.6333
212
26.6667
212
26.7
212
26.7333
212
26.7667
212
26.8
213
26.8333
213
26.8667
213
26.9
213
26.9333
213
26.9667
213
27
213
27.0333
213
27.0667
213
27.1
214
27.1333
214
27.1667
214
27.2
214
27.2333
214
27.2667
214
27.3
214
27.3333
214
27.3667
214
27.4
214
27.4333
214
27.4667
214
27.5
214
27.5333
214
27.5667
214
27.6
214
27.6333
214
27.6667
214
27.7
214
27.7333
214
27.7667
214
27.8
214
27.8333
214
27.8667
214
27.9
214
27.9333
214
27.9667
214
28
215
28.0333
215
28.0667
215
28.1
215
28.1333
215
28.1667
215
28.2
215
28.2333
215
28.2667
215
28.3
215
28.3333
215
28.3667
215
28.4
215
28.4333
215
28.4667
215
28.5
215
28.5333
215
28.5667
215
28.6
215
28.6333
216
28.6667
216
28.7
216
28.7333
216
28.7667
217
28.8
217
28.8333
217
28.8667
217
28.9
217
28.9333
217
28.9667
217
29
217
29.0333
217
29.0667
217
29.1
217
29.1333
217
29.1667
217
29.2
217
29.2333
217
29.2667
217
29.3
218
29.3333
218
29.3667
218
29.4
218
29.4333
219
29.4667
219
29.5
220
29.5333
220
29.5667
220
29.6
220
29.6333
220
29.6667
220
29.7
220
29.7333
220
29.7667
220
29.8
220
29.8333
220
29.8667
220
29.9
220
29.9333
220
29.9667
220
30
220
30.0333
221
30.0667
221
30.1
221
30.1333
221
30.1667
221
30.2
221
30.2333
221
30.2667
221
30.3
221
30.3333
221
30.3667
221
30.4
221
30.4333
221
30.4667
221
30.5
221
30.5333
221
30.5667
222
30.6
222
30.6333
222
30.6667
222
30.7
222
30.7333
222
30.7667
222
30.8
222
30.8333
222
30.8667
222
30.9
222
30.9333
222
30.9667
222
31
222
31.0333
222
31.0667
222
31.1
222
31.1333
222
31.1667
222
31.2
222
31.2333
222
31.2667
222
31.3
223
31.3333
223
31.3667
223
31.4
223
31.4333
223
31.4667
223
31.5
223
31.5333
223
31.5667
223
31.6
223
31.6333
223
31.6667
223
31.7
223
31.7333
223
31.7667
223
31.8
223
31.8333
223
31.8667
223
31.9
223
31.9333
223
31.9667
223
32
223
32.0333
223
32.0667
223
32.1
223
32.1333
223
32.1667
223
32.2
223
32.2333
223
32.2667
223
32.3
223
32.3333
223
32.3667
223
32.4
223
32.4333
223
32.4667
223
32.5
223
32.5333
223
32.5667
223
32.6
223
32.6333
223
32.6667
223
32.7
223
32.7333
223
32.7667
223
32.8
223
32.8333
223
32.8667
223
32.9
223
32.9333
223
32.9667
223
33
223
33.0333
223
33.0667
223
33.1
223
33.1333
223
33.1667
223
33.2
223
33.2333
223
33.2667
223
33.3
223
33.3333
223
33.3667
223
33.4
223
33.4333
223
33.4667
223
33.5
223
33.5333
223
33.5667
223
33.6
224
33.6333
224
33.6667
224
33.7
224
33.7333
224
33.7667
224
33.8
224
33.8333
224
33.8667
224
33.9
224
33.9333
224
33.9667
224
34
224
34.0333
224
34.0667
224
34.1
224
34.1333
224
34.1667
224
34.2
224
34.2333
224
34.2667
224
34.3
224
34.3333
224
34.3667
224
34.4
224
34.4333
224
34.4667
224
34.5
224
34.5333
224
34.5667
224
34.6
224
34.6333
224
34.6667
225
34.7
225
34.7333
225
34.7667
225
34.8
225
34.8333
225
34.8667
225
34.9
225
34.9333
225
34.9667
225
35
225
35.0333
225
35.0667
225
35.1
225
35.1333
225
35.1667
226
35.2
226
35.2333
226
35.2667
226
35.3
226
35.3333
226
35.3667
226
35.4
226
35.4333
226
35.4667
226
35.5
226
35.5333
226
35.5667
226
35.6
227
35.6333
227
35.6667
227
35.7
227
35.7333
227
35.7667
227
35.8
227
35.8333
227
35.8667
227
35.9
227
35.9333
227
35.9667
227
36
227
36.0333
227
36.0667
227
36.1
227
36.1333
227
36.1667
227
36.2
227
36.2333
228
36.2667
228
36.3
228
36.3333
228
36.3667
228
36.4
228
36.4333
228
36.4667
228
36.5
228
36.5333
228
36.5667
228
36.6
228
36.6333
228
36.6667
228
