0
1
0.0333333
1
0.0666667
1
0.1
1
0.133333
1
0.166667
1
0.2
1
0.233333
1
0.266667
1
0.3
1
0.333333
1
0.366667
1
0.4
1
0.433333
1
0.466667
1
0.5
1
0.533333
1
0.566667
1
0.6
1
0.633333
1
0.666667
1
0.7
1
0.733333
1
0.766667
1
0.8
1
0.833333
1
0.866667
1
0.9
1
0.933333
1
0.966667
1
1
1
1.03333
1
1.06667
1
1.1
1
1.13333
1
1.16667
1
1.2
1
1.23333
1
1.26667
1
1.3
1
1.33333
1
1.36667
1
1.4
1
1.43333
1
1.46667
1
1.5
1
1.53333
1
1.56667
1
1.6
1
1.63333
1
1.66667
1
1.7
1
1.73333
1
1.76667
1
1.8
1
1.83333
1
1.86667
1
1.9
1
1.93333
1
1.96667
1
2
1
2.03333
1
2.06667
1
2.1
1
2.13333
1
2.16667
1
2.2
1
2.23333
1
2.26667
1
2.3
1
2.33333
1
2.36667
1
2.4
1
2.43333
1
2.46667
1
2.5
1
2.53333
1
2.56667
1
2.6
1
2.63333
1
2.66667
1
2.7
1
2.73333
1
2.76667
1
2.8
1
2.83333
1
2.86667
1
2.9
1
2.93333
1
2.96667
1
3
1
3.03333
1
3.06667
1
3.1
1
3.13333
1
3.16667
1
3.2
1
3.23333
1
3.26667
1
3.3
1
3.33333
1
3.36667
1
3.4
1
3.43333
1
3.46667
1
3.5
1
3.53333
1
3.56667
1
3.6
1
3.63333
1
3.66667
1
3.7
1
3.73333
1
3.76667
1
3.8
1
3.83333
1
3.86667
1
3.9
1
3.93333
1
3.96667
1
4
1
4.03333
1
4.06667
1
4.1
1
4.13333
1
4.16667
1
4.2
1
4.23333
1
4.26667
1
4.3
1
4.33333
1
4.36667
1
4.4
1
4.43333
1
4.46667
1
4.5
1
4.53333
1
4.56667
1
4.6
1
4.63333
1
4.66667
1
4.7
1
4.73333
1
4.76667
1
4.8
1
4.83333
1
4.86667
1
4.9
1
4.93333
1
4.96667
1
5
1
5.03333
1
5.06667
1
5.1
1
5.13333
1
5.16667
1
5.2
1
5.23333
1
5.26667
1
5.3
1
5.33333
1
5.36667
1
5.4
1
5.43333
1
5.46667
1
5.5
1
5.53333
1
5.56667
2
5.6
3
5.63333
3
5.66667
3
5.7
3
5.73333
3
5.76667
4
5.8
4
5.83333
4
5.86667
4
5.9
4
5.93333
4
5.96667
4
6
5
6.03333
6
6.06667
7
6.1
8
6.13333
8
6.16667
8
6.2
8
6.23333
8
6.26667
8
6.3
8
6.33333
8
6.36667
8
6.4
8
6.43333
8
6.46667
8
6.5
8
6.53333
8
6.56667
8
6.6
8
6.63333
8
6.66667
8
6.7
9
6.73333
9
6.76667
10
6.8
10
6.83333
10
6.86667
10
6.9
10
6.93333
10
6.96667
11
7
11
7.03333
11
7.06667
12
7.1
13
7.13333
13
7.16667
14
7.2
15
7.23333
15
7.26667
16
7.3
16
7.33333
16
7.36667
16
7.4
16
7.43333
16
7.46667
16
7.5
16
7.53333
17
7.56667
19
7.6
20
7.63333
21
7.66667
21
7.7
21
7.73333
21
7.76667
21
7.8
21
7.83333
21
7.86667
21
7.9
21
7.93333
21
7.96667
21
8
21
8.03333
22
8.06667
23
8.1
23
8.13333
23
8.16667
23
8.2
23
8.23333
23
8.26667
24
8.3
24
8.33333
25
8.36667
25
8.4
25
8.43333
26
8.46667
26
8.5
26
8.53333
26
8.56667
27
8.6
27
8.63333
27
8.66667
28
8.7
28
8.73333
28
8.76667
29
8.8
29
8.83333
30
8.86667
30
8.9
30
8.93333
30
8.96667
30
9
30
9.03333
30
9.06667
30
9.1
30
9.13333
31
9.16667
31
9.2
31
9.23333
31
9.26667
31
9.3
32
9.33333
32
9.36667
32
9.4
32
9.43333
32
9.46667
32
9.5
32
9.53333
33
9.56667
33
9.6
33
9.63333
33
9.66667
33
9.7
34
9.73333
35
9.76667
36
9.8
36
9.83333
38
9.86667
38
9.9
39
9.93333
39
9.96667
39
10
39
10.0333
39
10.0667
40
10.1
40
10.1333
40
10.1667
40
10.2
40
10.2333
40
10.2667
41
10.3
41
10.3333
41
10.3667
41
10.4
41
10.4333
41
10.4667
43
10.5
45
10.5333
46
10.5667
47
10.6
47
10.6333
47
10.6667
47
10.7
47
10.7333
47
10.7667
47
10.8
48
10.8333
48
10.8667
49
10.9
49
10.9333
49
10.9667
49
11
49
11.0333
49
11.0667
49
11.1
49
11.1333
50
11.1667
50
11.2
50
11.2333
50
11.2667
50
11.3
50
11.3333
50
11.3667
50
11.4
50
11.4333
50
11.4667
50
11.5
50
11.5333
50
11.5667
50
11.6
50
11.6333
50
11.6667
50
11.7
50
11.7333
51
11.7667
51
11.8
51
11.8333
51
11.8667
51
11.9
51
11.9333
51
11.9667
51
12
51
12.0333
51
12.0667
51
12.1
52
12.1333
52
12.1667
52
12.2
52
12.2333
52
12.2667
52
12.3
52
12.3333
52
12.3667
52
12.4
52
12.4333
52
12.4667
52
12.5
52
12.5333
52
12.5667
53
12.6
53
12.6333
53
12.6667
53
12.7
53
12.7333
53
12.7667
53
12.8
53
12.8333
54
12.8667
54
12.9
54
12.9333
54
12.9667
54
13
54
13.0333
54
13.0667
54
13.1
54
13.1333
54
13.1667
54
13.2
54
13.2333
54
13.2667
54
13.3
54
13.3333
54
13.3667
54
13.4
55
13.4333
55
13.4667
55
13.5
55
13.5333
55
13.5667
55
13.6
55
13.6333
56
13.6667
56
13.7
56
13.7333
56
13.7667
56
13.8
56
13.8333
56
13.8667
56
13.9
56
13.9333
56
13.9667
56
14
56
14.0333
56
14.0667
56
14.1
56
14.1333
56
14.1667
56
14.2
56
14.2333
56
14.2667
56
14.3
56
14.3333
56
14.3667
56
14.4
56
14.4333
56
14.4667
56
14.5
56
14.5333
56
14.5667
56
14.6
56
14.6333
56
14.6667
56
14.7
56
14.7333
56
14.7667
56
14.8
56
14.8333
56
14.8667
56
14.9
56
14.9333
56
14.9667
56
15
56
15.0333
56
15.0667
56
15.1
56
15.1333
56
15.1667
56
15.2
56
15.2333
56
15.2667
56
15.3
56
15.3333
56
15.3667
56
15.4
56
15.4333
56
15.4667
56
15.5
56
15.5333
56
15.5667
56
15.6
56
15.6333
56
15.6667
56
15.7
56
15.7333
56
15.7667
56
15.8
56
15.8333
56
15.8667
56
15.9
56
15.9333
56
15.9667
56
16
56
16.0333
56
16.0667
56
16.1
56
16.1333
56
16.1667
56
16.2
56
16.2333
56
16.2667
56
16.3
56
16.3333
56
16.3667
56
16.4
56
16.4333
56
16.4667
56
16.5
56
16.5333
56
16.5667
56
16.6
56
16.6333
56
16.6667
56
16.7
56
16.7333
56
16.7667
56
16.8
56
16.8333
56
16.8667
56
16.9
56
16.9333
56
16.9667
56
17
56
17.0333
56
17.0667
56
17.1
56
17.1333
56
17.1667
56
17.2
56
17.2333
56
17.2667
56
17.3
56
17.3333
56
17.3667
56
17.4
56
17.4333
56
17.4667
56
17.5
56
17.5333
56
17.5667
56
17.6
56
17.6333
56
17.6667
56
17.7
56
17.7333
56
17.7667
56
17.8
56
17.8333
56
17.8667
56
17.9
56
17.9333
56
17.9667
56
18
56
18.0333
56
18.0667
56
18.1
56
18.1333
56
18.1667
56
18.2
56
18.2333
56
18.2667
56
18.3
56
18.3333
56
18.3667
56
18.4
56
18.4333
56
18.4667
56
18.5
56
18.5333
56
18.5667
56
18.6
56
18.6333
56
18.6667
56
18.7
56
18.7333
56
18.7667
56
18.8
56
18.8333
56
18.8667
56
18.9
56
18.9333
56
18.9667
56
19
56
19.0333
56
19.0667
56
19.1
56
19.1333
56
19.1667
56
19.2
56
19.2333
56
19.2667
56
19.3
56
19.3333
56
19.3667
56
19.4
56
19.4333
56
19.4667
56
19.5
56
19.5333
56
19.5667
56
19.6
56
19.6333
56
19.6667
56
19.7
56
19.7333
56
19.7667
56
19.8
56
19.8333
56
19.8667
56
19.9
56
19.9333
56
19.9667
56
20
56
20.0333
56
20.0667
56
20.1
56
20.1333
56
20.1667
56
20.2
56
20.2333
56
20.2667
56
20.3
56
20.3333
56
20.3667
57
20.4
57
20.4333
57
20.4667
57
20.5
57
20.5333
57
20.5667
57
20.6
57
20.6333
57
20.6667
57
20.7
57
20.7333
57
20.7667
57
20.8
57
20.8333
57
20.8667
57
20.9
57
20.9333
57
20.9667
57
21
57
21.0333
57
21.0667
57
21.1
57
21.1333
57
21.1667
57
21.2
57
21.2333
57
21.2667
57
21.3
57
21.3333
57
21.3667
57
21.4
57
21.4333
57
21.4667
57
21.5
57
21.5333
58
21.5667
58
21.6
58
21.6333
59
21.6667
59
21.7
59
21.7333
59
21.7667
59
21.8
59
21.8333
59
21.8667
59
21.9
59
21.9333
59
21.9667
59
22
59
22.0333
59
22.0667
59
22.1
59
22.1333
59
22.1667
59
22.2
59
22.2333
59
22.2667
59
22.3
60
22.3333
60
22.3667
60
22.4
60
22.4333
60
22.4667
60
22.5
60
22.5333
60
22.5667
60
22.6
60
22.6333
60
22.6667
60
22.7
60
22.7333
60
22.7667
60
22.8
60
22.8333
61
22.8667
61
22.9
61
22.9333
62
22.9667
62
23
62
23.0333
62
23.0667
62
23.1
62
23.1333
62
23.1667
62
23.2
62
23.2333
62
23.2667
62
23.3
62
23.3333
62
23.3667
62
23.4
62
23.4333
62
23.4667
62
23.5
62
23.5333
62
23.5667
62
23.6
62
23.6333
62
23.6667
62
23.7
62
23.7333
62
23.7667
62
23.8
62
23.8333
62
23.8667
62
23.9
62
23.9333
62
23.9667
62
24
62
24.0333
62
24.0667
62
24.1
62
24.1333
62
24.1667
62
24.2
62
24.2333
62
24.2667
62
24.3
62
24.3333
62
24.3667
62
24.4
62
24.4333
62
24.4667
62
24.5
62
24.5333
62
24.5667
62
24.6
62
24.6333
62
24.6667
62
24.7
62
24.7333
62
24.7667
62
24.8
62
24.8333
62
24.8667
62
24.9
62
24.9333
62
24.9667
62
25
62
25.0333
62
25.0667
62
25.1
62
25.1333
62
25.1667
62
25.2
62
25.2333
62
25.2667
62
25.3
62
25.3333
62
25.3667
62
25.4
62
25.4333
62
25.4667
62
25.5
62
25.5333
62
25.5667
62
25.6
62
25.6333
62
25.6667
62
25.7
62
25.7333
62
25.7667
62
25.8
63
25.8333
63
25.8667
63
25.9
63
25.9333
63
25.9667
63
26
63
26.0333
63
26.0667
63
26.1
63
26.1333
64
26.1667
64
26.2
64
26.2333
65
26.2667
65
26.3
65
26.3333
65
26.3667
65
26.4
65
26.4333
65
26.4667
65
26.5
65
26.5333
65
26.5667
65
26.6
66
26.6333
66
26.6667
66
26.7
66
26.7333
66
26.7667
66
26.8
66
26.8333
66
26.8667
66
26.9
66
26.9333
66
26.9667
66
27
66
27.0333
66
27.0667
66
27.1
66
27.1333
66
27.1667
66
27.2
66
27.2333
66
27.2667
66
27.3
67
27.3333
67
27.3667
67
27.4
67
27.4333
67
27.4667
67
27.5
67
27.5333
67
27.5667
67
27.6
67
27.6333
67
27.6667
67
27.7
67
27.7333
67
27.7667
67
27.8
67
27.8333
67
27.8667
67
27.9
67
27.9333
67
27.9667
67
28
67
28.0333
67
28.0667
67
28.1
67
28.1333
67
28.1667
67
28.2
67
28.2333
67
28.2667
67
28.3
67
28.3333
67
28.3667
67
28.4
67
28.4333
67
28.4667
67
28.5
67
28.5333
67
28.5667
67
28.6
67
28.6333
67
28.6667
67
28.7
67
28.7333
67
28.7667
67
28.8
67
28.8333
67
28.8667
67
28.9
67
28.9333
67
28.9667
67
29
67
29.0333
67
29.0667
67
29.1
67
29.1333
67
29.1667
67
29.2
67
29.2333
67
29.2667
67
29.3
67
29.3333
67
29.3667
67
29.4
67
29.4333
67
29.4667
68
29.5
68
29.5333
68
29.5667
68
29.6
68
29.6333
68
29.6667
68
29.7
68
29.7333
68
29.7667
68
29.8
68
29.8333
68
29.8667
68
29.9
68
29.9333
68
29.9667
68
30
68
30.0333
68
30.0667
68
30.1
68
30.1333
68
30.1667
68
30.2
68
30.2333
68
30.2667
68
30.3
68
30.3333
68
30.3667
68
30.4
68
30.4333
68
30.4667
68
30.5
68
30.5333
68
30.5667
68
30.6
68
30.6333
68
30.6667
68
30.7
68
30.7333
68
30.7667
68
30.8
68
30.8333
68
30.8667
68
30.9
68
30.9333
68
30.9667
68
31
68
31.0333
68
31.0667
68
31.1
68
31.1333
68
31.1667
68
31.2
69
31.2333
69
31.2667
69
31.3
69
31.3333
69
31.3667
69
31.4
69
31.4333
69
31.4667
69
31.5
69
31.5333
69
31.5667
69
31.6
69
31.6333
69
31.6667
69
31.7
69
31.7333
69
31.7667
69
31.8
69
31.8333
69
31.8667
69
31.9
69
31.9333
69
31.9667
69
32
69
32.0333
69
32.0667
69
32.1
69
32.1333
69
32.1667
69
32.2
69
32.2333
69
32.2667
69
32.3
69
32.3333
69
32.3667
69
32.4
69
32.4333
69
32.4667
69
32.5
69
32.5333
69
32.5667
69
32.6
69
32.6333
69
32.6667
69
32.7
69
32.7333
69
32.7667
69
32.8
69
32.8333
69
32.8667
69
32.9
69
32.9333
69
32.9667
69
33
69
33.0333
69
33.0667
69
33.1
69
33.1333
69
33.1667
69
33.2
69
33.2333
69
33.2667
69
33.3
69
33.3333
69
33.3667
69
33.4
69
33.4333
69
33.4667
69
33.5
69
33.5333
69
33.5667
69
33.6
69
33.6333
69
33.6667
69
33.7
69
33.7333
69
33.7667
69
33.8
69
33.8333
69
33.8667
69
33.9
69
33.9333
69
33.9667
69
34
69
34.0333
69
34.0667
69
34.1
69
34.1333
69
34.1667
69
34.2
69
34.2333
69
34.2667
69
34.3
69
34.3333
69
34.3667
69
34.4
69
34.4333
69
34.4667
69
34.5
69
34.5333
69
34.5667
69
34.6
69
34.6333
69
34.6667
69
34.7
69
34.7333
69
34.7667
69
34.8
69
34.8333
69
34.8667
69
34.9
69
34.9333
69
34.9667
69
35
69
35.0333
69
35.0667
69
35.1
69
35.1333
69
35.1667
69
35.2
69
35.2333
69
35.2667
69
35.3
69
35.3333
69
35.3667
69
35.4
69
35.4333
69
35.4667
69
35.5
69
35.5333
69
35.5667
69
35.6
69
35.6333
69
35.6667
69
35.7
69
35.7333
69
35.7667
69
35.8
69
35.8333
69
35.8667
69
35.9
69
35.9333
69
35.9667
69
36
69
36.0333
69
36.0667
69
36.1
69
36.1333
69
36.1667
69
36.2
69
36.2333
69
36.2667
69
36.3
69
36.3333
69
36.3667
69
36.4
69
36.4333
69
36.4667
69
36.5
69
36.5333
69
36.5667
69
36.6
69
36.6333
69
36.6667
69
