0
1
0.0333333
1
0.0666667
1
0.1
1
0.133333
1
0.166667
1
0.2
1
0.233333
1
0.266667
1
0.3
1
0.333333
1
0.366667
1
0.4
1
0.433333
1
0.466667
1
0.5
1
0.533333
1
0.566667
1
0.6
1
0.633333
1
0.666667
1
0.7
1
0.733333
1
0.766667
1
0.8
1
0.833333
1
0.866667
1
0.9
1
0.933333
1
0.966667
1
1
1
1.03333
1
1.06667
1
1.1
1
1.13333
1
1.16667
1
1.2
1
1.23333
1
1.26667
1
1.3
1
1.33333
1
1.36667
1
1.4
1
1.43333
1
1.46667
1
1.5
1
1.53333
1
1.56667
1
1.6
1
1.63333
1
1.66667
1
1.7
1
1.73333
1
1.76667
1
1.8
1
1.83333
1
1.86667
1
1.9
1
1.93333
1
1.96667
1
2
1
2.03333
1
2.06667
1
2.1
1
2.13333
1
2.16667
1
2.2
1
2.23333
1
2.26667
1
2.3
1
2.33333
1
2.36667
1
2.4
1
2.43333
1
2.46667
1
2.5
1
2.53333
1
2.56667
1
2.6
1
2.63333
1
2.66667
1
2.7
1
2.73333
1
2.76667
1
2.8
1
2.83333
1
2.86667
1
2.9
1
2.93333
1
2.96667
1
3
1
3.03333
1
3.06667
1
3.1
1
3.13333
1
3.16667
1
3.2
1
3.23333
1
3.26667
1
3.3
1
3.33333
1
3.36667
1
3.4
1
3.43333
1
3.46667
1
3.5
1
3.53333
1
3.56667
1
3.6
1
3.63333
1
3.66667
1
3.7
1
3.73333
1
3.76667
1
3.8
1
3.83333
1
3.86667
1
3.9
1
3.93333
1
3.96667
1
4
1
4.03333
1
4.06667
1
4.1
1
4.13333
1
4.16667
1
4.2
1
4.23333
1
4.26667
1
4.3
1
4.33333
1
4.36667
1
4.4
1
4.43333
1
4.46667
1
4.5
1
4.53333
1
4.56667
1
4.6
1
4.63333
1
4.66667
1
4.7
1
4.73333
1
4.76667
1
4.8
1
4.83333
1
4.86667
1
4.9
1
4.93333
1
4.96667
1
5
1
5.03333
1
5.06667
1
5.1
1
5.13333
1
5.16667
1
5.2
1
5.23333
1
5.26667
1
5.3
1
5.33333
1
5.36667
1
5.4
1
5.43333
1
5.46667
1
5.5
1
5.53333
1
5.56667
1
5.6
1
5.63333
1
5.66667
1
5.7
1
5.73333
1
5.76667
1
5.8
1
5.83333
1
5.86667
1
5.9
2
5.93333
2
5.96667
2
6
2
6.03333
2
6.06667
2
6.1
2
6.13333
2
6.16667
2
6.2
2
6.23333
2
6.26667
3
6.3
3
6.33333
3
6.36667
4
6.4
5
6.43333
5
6.46667
5
6.5
6
6.53333
6
6.56667
7
6.6
7
6.63333
8
6.66667
8
6.7
8
6.73333
8
6.76667
9
6.8
9
6.83333
9
6.86667
9
6.9
10
6.93333
10
6.96667
10
7
11
7.03333
11
7.06667
11
7.1
11
7.13333
11
7.16667
12
7.2
13
7.23333
13
7.26667
14
7.3
15
7.33333
15
7.36667
15
7.4
16
7.43333
17
7.46667
17
7.5
17
7.53333
17
7.56667
18
7.6
19
7.63333
20
7.66667
20
7.7
21
7.73333
21
7.76667
21
7.8
21
7.83333
22
7.86667
22
7.9
23
7.93333
23
7.96667
23
8
23
8.03333
23
8.06667
24
8.1
25
8.13333
25
8.16667
25
8.2
26
8.23333
26
8.26667
27
8.3
27
8.33333
27
8.36667
27
8.4
27
8.43333
28
8.46667
29
8.5
30
8.53333
31
8.56667
32
8.6
32
8.63333
33
8.66667
33
8.7
33
8.73333
34
8.76667
34
8.8
34
8.83333
34
8.86667
35
8.9
35
8.93333
37
8.96667
39
9
39
9.03333
39
9.06667
40
9.1
42
9.13333
42
9.16667
42
9.2
42
9.23333
42
9.26667
42
9.3
42
9.33333
45
9.36667
45
9.4
45
9.43333
45
9.46667
45
9.5
45
9.53333
46
9.56667
47
9.6
47
9.63333
48
9.66667
48
9.7
48
9.73333
48
9.76667
48
9.8
48
9.83333
48
9.86667
48
9.9
49
9.93333
49
9.96667
49
10
49
10.0333
49
10.0667
50
10.1
52
10.1333
52
10.1667
52
10.2
52
10.2333
52
10.2667
52
10.3
52
10.3333
52
10.3667
53
10.4
53
10.4333
54
10.4667
54
10.5
54
10.5333
54
10.5667
54
10.6
54
10.6333
54
10.6667
54
10.7
54
10.7333
54
10.7667
54
10.8
54
10.8333
54
10.8667
55
10.9
55
10.9333
55
10.9667
55
11
55
11.0333
55
11.0667
55
11.1
55
11.1333
56
11.1667
56
11.2
56
11.2333
56
11.2667
56
11.3
57
11.3333
57
11.3667
57
11.4
58
11.4333
58
11.4667
58
11.5
59
11.5333
60
11.5667
60
11.6
61
11.6333
61
11.6667
61
11.7
62
11.7333
64
11.7667
64
11.8
65
11.8333
65
11.8667
65
11.9
65
11.9333
66
11.9667
67
12
68
12.0333
68
12.0667
68
12.1
68
12.1333
68
12.1667
68
12.2
68
12.2333
68
12.2667
68
12.3
68
12.3333
69
12.3667
69
12.4
70
12.4333
70
12.4667
70
12.5
70
12.5333
70
12.5667
70
12.6
70
12.6333
71
12.6667
72
12.7
72
12.7333
72
12.7667
72
12.8
72
12.8333
72
12.8667
73
12.9
73
12.9333
73
12.9667
73
13
73
13.0333
73
13.0667
73
13.1
73
13.1333
73
13.1667
73
13.2
73
13.2333
74
13.2667
75
13.3
75
13.3333
75
13.3667
76
13.4
76
13.4333
76
13.4667
76
13.5
76
13.5333
76
13.5667
76
13.6
76
13.6333
76
13.6667
76
13.7
76
13.7333
76
13.7667
76
13.8
76
13.8333
77
13.8667
77
13.9
77
13.9333
77
13.9667
77
14
77
14.0333
77
14.0667
77
14.1
77
14.1333
77
14.1667
77
14.2
77
14.2333
77
14.2667
77
14.3
77
14.3333
77
14.3667
77
14.4
79
14.4333
79
14.4667
79
14.5
79
14.5333
79
14.5667
79
14.6
79
14.6333
79
14.6667
79
14.7
79
14.7333
79
14.7667
79
14.8
79
14.8333
79
14.8667
79
14.9
79
14.9333
79
14.9667
79
15
79
15.0333
79
15.0667
79
15.1
79
15.1333
79
15.1667
79
15.2
79
15.2333
79
15.2667
79
15.3
79
15.3333
79
15.3667
79
15.4
79
15.4333
79
15.4667
79
15.5
79
15.5333
79
15.5667
79
15.6
79
15.6333
79
15.6667
79
15.7
79
15.7333
79
15.7667
79
15.8
79
15.8333
79
15.8667
79
15.9
79
15.9333
79
15.9667
80
16
81
16.0333
82
16.0667
83
16.1
84
16.1333
84
16.1667
84
16.2
84
16.2333
84
16.2667
85
16.3
86
16.3333
86
16.3667
86
16.4
86
16.4333
86
16.4667
87
16.5
87
16.5333
88
16.5667
89
16.6
90
16.6333
90
16.6667
90
16.7
90
16.7333
90
16.7667
91
16.8
91
16.8333
91
16.8667
91
16.9
92
16.9333
92
16.9667
92
17
92
17.0333
92
17.0667
92
17.1
93
17.1333
93
17.1667
93
17.2
94
17.2333
94
17.2667
94
17.3
94
17.3333
95
17.3667
95
17.4
96
17.4333
96
17.4667
96
17.5
96
17.5333
97
17.5667
98
17.6
98
17.6333
99
17.6667
99
17.7
100
17.7333
100
17.7667
100
17.8
100
17.8333
100
17.8667
100
17.9
100
17.9333
100
17.9667
100
18
100
18.0333
100
18.0667
102
18.1
102
18.1333
102
18.1667
102
18.2
103
18.2333
103
18.2667
103
18.3
103
18.3333
104
18.3667
104
18.4
104
18.4333
104
18.4667
104
18.5
104
18.5333
104
18.5667
104
18.6
104
18.6333
104
18.6667
104
18.7
104
18.7333
104
18.7667
104
18.8
105
18.8333
106
18.8667
106
18.9
106
18.9333
106
18.9667
107
19
108
19.0333
108
19.0667
108
19.1
108
19.1333
108
19.1667
108
19.2
109
19.2333
109
19.2667
109
19.3
110
19.3333
110
19.3667
110
19.4
110
19.4333
110
19.4667
110
19.5
110
19.5333
110
19.5667
110
19.6
110
19.6333
111
19.6667
111
19.7
111
19.7333
111
19.7667
112
19.8
112
19.8333
112
19.8667
112
19.9
112
19.9333
112
19.9667
112
20
113
