0
1
0.0333333
1
0.0666667
1
0.1
1
0.133333
1
0.166667
1
0.2
1
0.233333
1
0.266667
1
0.3
1
0.333333
1
0.366667
1
0.4
1
0.433333
1
0.466667
1
0.5
1
0.533333
1
0.566667
1
0.6
1
0.633333
1
0.666667
1
0.7
1
0.733333
1
0.766667
1
0.8
1
0.833333
1
0.866667
1
0.9
1
0.933333
1
0.966667
1
1
1
1.03333
1
1.06667
1
1.1
1
1.13333
1
1.16667
1
1.2
1
1.23333
1
1.26667
1
1.3
1
1.33333
1
1.36667
1
1.4
1
1.43333
1
1.46667
1
1.5
1
1.53333
1
1.56667
1
1.6
1
1.63333
1
1.66667
1
1.7
1
1.73333
1
1.76667
1
1.8
1
1.83333
1
1.86667
1
1.9
1
1.93333
1
1.96667
1
2
1
2.03333
1
2.06667
1
2.1
1
2.13333
1
2.16667
1
2.2
1
2.23333
1
2.26667
1
2.3
1
2.33333
1
2.36667
1
2.4
1
2.43333
1
2.46667
1
2.5
1
2.53333
1
2.56667
1
2.6
1
2.63333
1
2.66667
1
2.7
1
2.73333
1
2.76667
1
2.8
1
2.83333
1
2.86667
1
2.9
1
2.93333
1
2.96667
1
3
1
3.03333
1
3.06667
1
3.1
1
3.13333
1
3.16667
1
3.2
1
3.23333
1
3.26667
1
3.3
1
3.33333
1
3.36667
1
3.4
1
3.43333
1
3.46667
1
3.5
1
3.53333
1
3.56667
1
3.6
1
3.63333
1
3.66667
1
3.7
1
3.73333
1
3.76667
1
3.8
1
3.83333
1
3.86667
1
3.9
1
3.93333
1
3.96667
1
4
1
4.03333
1
4.06667
1
4.1
1
4.13333
1
4.16667
1
4.2
1
4.23333
1
4.26667
1
4.3
1
4.33333
1
4.36667
1
4.4
1
4.43333
1
4.46667
1
4.5
1
4.53333
1
4.56667
1
4.6
1
4.63333
1
4.66667
1
4.7
2
4.73333
2
4.76667
2
4.8
2
4.83333
3
4.86667
3
4.9
4
4.93333
4
4.96667
4
5
5
5.03333
5
5.06667
5
5.1
6
5.13333
6
5.16667
7
5.2
8
5.23333
8
5.26667
8
5.3
10
5.33333
10
5.36667
11
5.4
11
5.43333
12
5.46667
14
5.5
15
5.53333
17
5.56667
18
5.6
21
5.63333
22
5.66667
24
5.7
24
5.73333
25
5.76667
25
5.8
27
5.83333
27
5.86667
27
5.9
27
5.93333
29
5.96667
29
6
29
6.03333
29
6.06667
30
6.1
31
6.13333
31
6.16667
33
6.2
34
6.23333
35
6.26667
37
6.3
38
6.33333
39
6.36667
39
6.4
39
6.43333
39
6.46667
39
6.5
41
6.53333
41
6.56667
41
6.6
42
6.63333
42
6.66667
45
6.7
48
6.73333
52
6.76667
56
6.8
59
6.83333
60
6.86667
60
6.9
61
6.93333
63
6.96667
63
7
67
7.03333
69
7.06667
74
7.1
75
7.13333
77
7.16667
78
7.2
78
7.23333
80
7.26667
81
7.3
82
7.33333
82
7.36667
83
7.4
84
7.43333
86
7.46667
88
7.5
89
7.53333
94
7.56667
96
7.6
97
7.63333
99
7.66667
100
7.7
101
7.73333
102
7.76667
102
7.8
102
7.83333
105
7.86667
107
7.9
109
7.93333
110
7.96667
111
8
111
8.03333
115
8.06667
116
8.1
116
8.13333
118
8.16667
121
8.2
125
8.23333
128
8.26667
131
8.3
134
8.33333
135
8.36667
139
8.4
141
8.43333
145
8.46667
146
8.5
148
8.53333
148
8.56667
149
8.6
152
8.63333
152
8.66667
153
8.7
154
8.73333
155
8.76667
156
8.8
158
8.83333
160
8.86667
162
8.9
162
8.93333
166
8.96667
167
9
169
9.03333
170
9.06667
172
9.1
173
9.13333
176
9.16667
178
9.2
181
9.23333
182
9.26667
184
9.3
188
9.33333
190
9.36667
190
9.4
190
9.43333
191
9.46667
191
9.5
193
9.53333
194
9.56667
195
9.6
197
9.63333
197
9.66667
198
9.7
199
9.73333
200
9.76667
202
9.8
204
9.83333
206
9.86667
209
9.9
209
9.93333
209
9.96667
210
10
210
10.0333
212
10.0667
213
10.1
215
10.1333
215
10.1667
215
10.2
216
10.2333
217
10.2667
219
10.3
221
10.3333
223
10.3667
223
10.4
225
10.4333
226
10.4667
227
10.5
229
10.5333
230
10.5667
232
10.6
233
10.6333
235
10.6667
237
10.7
238
10.7333
239
10.7667
241
10.8
241
10.8333
245
10.8667
248
10.9
248
10.9333
250
10.9667
252
11
253
11.0333
254
11.0667
255
11.1
255
11.1333
257
11.1667
257
11.2
259
11.2333
259
11.2667
259
11.3
260
11.3333
260
11.3667
260
11.4
261
11.4333
261
11.4667
261
11.5
264
11.5333
264
11.5667
264
11.6
264
11.6333
264
11.6667
266
11.7
266
11.7333
267
11.7667
269
11.8
269
11.8333
270
11.8667
271
11.9
273
11.9333
274
11.9667
274
12
275
12.0333
276
12.0667
277
12.1
277
12.1333
277
12.1667
277
12.2
278
12.2333
281
12.2667
281
12.3
281
12.3333
284
12.3667
285
12.4
286
12.4333
286
12.4667
286
12.5
287
12.5333
287
12.5667
288
12.6
289
12.6333
290
12.6667
290
12.7
290
12.7333
290
12.7667
291
12.8
291
12.8333
293
12.8667
293
12.9
293
12.9333
293
12.9667
294
13
294
13.0333
294
13.0667
294
13.1
295
13.1333
297
13.1667
297
13.2
297
13.2333
298
13.2667
299
13.3
299
13.3333
299
13.3667
299
13.4
299
13.4333
299
13.4667
299
13.5
299
13.5333
299
13.5667
299
13.6
299
13.6333
300
13.6667
300
13.7
300
13.7333
300
13.7667
300
13.8
300
13.8333
300
13.8667
302
13.9
302
13.9333
302
13.9667
302
14
303
14.0333
303
14.0667
303
14.1
303
14.1333
303
14.1667
303
14.2
303
14.2333
303
14.2667
303
14.3
304
14.3333
304
14.3667
304
14.4
304
14.4333
305
14.4667
305
14.5
305
14.5333
305
14.5667
305
14.6
307
14.6333
307
14.6667
308
14.7
308
14.7333
310
14.7667
312
14.8
313
14.8333
313
14.8667
314
14.9
315
14.9333
316
14.9667
316
15
316
15.0333
316
15.0667
317
15.1
320
15.1333
323
15.1667
324
15.2
325
15.2333
326
15.2667
327
15.3
328
15.3333
329
15.3667
329
15.4
329
15.4333
330
15.4667
330
15.5
330
15.5333
330
15.5667
330
15.6
330
15.6333
330
15.6667
331
15.7
331
15.7333
332
15.7667
333
15.8
334
15.8333
334
15.8667
336
15.9
336
15.9333
336
15.9667
337
16
337
16.0333
337
16.0667
337
16.1
337
16.1333
337
16.1667
337
16.2
337
16.2333
337
16.2667
338
16.3
338
16.3333
338
16.3667
338
16.4
338
16.4333
338
16.4667
338
16.5
340
16.5333
341
16.5667
341
16.6
342
16.6333
342
16.6667
342
16.7
342
16.7333
342
16.7667
342
16.8
342
16.8333
344
16.8667
344
16.9
344
16.9333
344
16.9667
344
17
344
17.0333
344
17.0667
345
17.1
345
17.1333
345
17.1667
346
17.2
346
17.2333
346
17.2667
346
17.3
348
17.3333
349
17.3667
349
17.4
350
17.4333
351
17.4667
351
17.5
351
17.5333
351
17.5667
351
17.6
352
17.6333
352
17.6667
352
17.7
353
17.7333
353
17.7667
353
17.8
353
17.8333
353
17.8667
353
17.9
354
17.9333
354
17.9667
355
18
355
18.0333
356
18.0667
356
18.1
356
18.1333
356
18.1667
356
18.2
356
18.2333
356
18.2667
357
18.3
357
18.3333
357
18.3667
357
18.4
359
18.4333
359
18.4667
361
18.5
361
18.5333
362
18.5667
362
18.6
362
18.6333
362
18.6667
363
18.7
363
18.7333
364
18.7667
365
18.8
365
18.8333
366
18.8667
366
18.9
366
18.9333
366
18.9667
368
19
369
19.0333
369
19.0667
369
19.1
369
19.1333
370
19.1667
370
19.2
370
19.2333
370
19.2667
370
19.3
370
19.3333
370
19.3667
370
19.4
370
19.4333
370
19.4667
370
19.5
370
19.5333
372
19.5667
373
19.6
373
19.6333
373
19.6667
374
19.7
374
19.7333
374
19.7667
374
19.8
374
19.8333
374
19.8667
374
19.9
374
19.9333
375
19.9667
376
20
376
20.0333
377
20.0667
377
20.1
377
20.1333
377
20.1667
377
20.2
377
20.2333
378
20.2667
378
20.3
378
20.3333
378
20.3667
378
20.4
378
20.4333
378
20.4667
378
20.5
378
20.5333
378
20.5667
378
20.6
378
20.6333
379
20.6667
379
20.7
379
20.7333
379
20.7667
379
20.8
380
20.8333
381
20.8667
382
20.9
382
20.9333
382
20.9667
382
21
382
21.0333
382
21.0667
382
21.1
382
21.1333
384
21.1667
384
21.2
384
21.2333
384
21.2667
386
21.3
387
21.3333
387
21.3667
388
21.4
389
21.4333
389
21.4667
389
21.5
389
21.5333
389
21.5667
389
21.6
389
21.6333
389
21.6667
389
21.7
389
21.7333
389
21.7667
389
21.8
389
21.8333
389
21.8667
389
21.9
389
21.9333
389
21.9667
389
22
389
22.0333
389
22.0667
389
22.1
391
22.1333
391
22.1667
391
22.2
392
22.2333
393
22.2667
393
22.3
394
22.3333
394
22.3667
394
22.4
394
22.4333
394
22.4667
394
22.5
394
22.5333
394
22.5667
394
22.6
394
22.6333
394
22.6667
394
22.7
394
22.7333
394
22.7667
394
22.8
394
22.8333
395
22.8667
395
22.9
396
22.9333
397
22.9667
397
23
397
23.0333
397
23.0667
397
23.1
397
23.1333
397
23.1667
397
23.2
397
23.2333
398
23.2667
398
23.3
398
23.3333
398
23.3667
398
23.4
398
23.4333
399
23.4667
399
23.5
399
23.5333
399
23.5667
399
23.6
399
23.6333
399
23.6667
399
23.7
399
23.7333
399
23.7667
399
23.8
399
23.8333
399
23.8667
399
23.9
399
23.9333
399
23.9667
399
24
399
24.0333
400
24.0667
400
24.1
400
24.1333
401
24.1667
402
24.2
402
24.2333
402
24.2667
402
24.3
403
24.3333
403
24.3667
403
24.4
403
24.4333
403
24.4667
403
24.5
403
24.5333
403
24.5667
404
24.6
405
24.6333
406
24.6667
407
24.7
407
24.7333
407
24.7667
408
24.8
408
24.8333
408
24.8667
408
24.9
408
24.9333
409
24.9667
409
25
409
25.0333
409
25.0667
409
25.1
409
25.1333
409
25.1667
409
25.2
411
25.2333
412
25.2667
413
25.3
414
25.3333
414
25.3667
414
25.4
414
25.4333
416
25.4667
416
25.5
416
25.5333
416
25.5667
416
25.6
416
25.6333
417
25.6667
418
25.7
418
25.7333
419
25.7667
419
25.8
419
25.8333
420
25.8667
421
25.9
421
25.9333
421
25.9667
421
26
422
26.0333
422
26.0667
423
26.1
424
26.1333
424
26.1667
424
26.2
424
26.2333
424
26.2667
424
26.3
424
26.3333
424
26.3667
424
26.4
425
26.4333
425
26.4667
426
26.5
426
26.5333
427
26.5667
428
26.6
428
26.6333
429
26.6667
430
26.7
430
26.7333
431
26.7667
431
26.8
431
26.8333
431
26.8667
432
26.9
432
26.9333
432
26.9667
433
27
436
27.0333
436
27.0667
436
27.1
436
27.1333
436
27.1667
438
27.2
438
27.2333
438
27.2667
439
27.3
440
27.3333
440
27.3667
440
27.4
440
27.4333
440
27.4667
441
27.5
443
27.5333
443
27.5667
443
27.6
443
27.6333
443
27.6667
443
27.7
443
27.7333
443
27.7667
443
27.8
444
27.8333
444
27.8667
445
27.9
447
27.9333
447
27.9667
447
28
447
28.0333
447
28.0667
448
28.1
448
28.1333
449
28.1667
449
28.2
449
28.2333
449
28.2667
450
28.3
450
28.3333
450
28.3667
450
28.4
450
28.4333
450
28.4667
450
28.5
451
28.5333
451
28.5667
451
28.6
451
28.6333
452
28.6667
452
28.7
452
28.7333
452
28.7667
452
28.8
452
28.8333
452
28.8667
452
28.9
454
28.9333
454
28.9667
454
29
454
29.0333
455
29.0667
455
29.1
455
29.1333
455
29.1667
455
29.2
455
29.2333
455
29.2667
457
29.3
458
29.3333
458
29.3667
459
29.4
459
29.4333
459
29.4667
459
29.5
459
29.5333
459
29.5667
459
29.6
459
29.6333
459
29.6667
459
29.7
459
29.7333
459
29.7667
459
29.8
459
29.8333
459
29.8667
459
29.9
459
29.9333
459
29.9667
459
30
459
30.0333
459
30.0667
459
30.1
459
30.1333
459
30.1667
459
30.2
459
30.2333
459
30.2667
459
30.3
459
30.3333
460
30.3667
460
30.4
460
30.4333
460
30.4667
460
30.5
460
30.5333
460
30.5667
460
30.6
460
30.6333
460
30.6667
460
30.7
460
30.7333
460
30.7667
460
30.8
460
30.8333
460
30.8667
460
30.9
460
30.9333
460
30.9667
460
31
460
31.0333
460
31.0667
460
31.1
460
31.1333
460
31.1667
460
31.2
460
31.2333
460
31.2667
460
31.3
460
31.3333
460
31.3667
460
31.4
460
31.4333
460
31.4667
460
31.5
461
31.5333
461
31.5667
461
31.6
461
31.6333
461
31.6667
462
31.7
462
31.7333
462
31.7667
462
31.8
462
31.8333
462
31.8667
463
31.9
463
31.9333
463
31.9667
464
32
464
32.0333
464
32.0667
464
32.1
464
32.1333
464
32.1667
464
32.2
464
32.2333
465
32.2667
466
32.3
466
32.3333
466
32.3667
466
32.4
467
32.4333
467
32.4667
467
32.5
467
32.5333
467
32.5667
467
32.6
467
32.6333
467
32.6667
467
32.7
467
32.7333
468
32.7667
468
32.8
468
32.8333
468
32.8667
468
32.9
468
32.9333
468
32.9667
468
33
468
33.0333
468
33.0667
468
33.1
468
33.1333
468
33.1667
468
33.2
468
33.2333
468
33.2667
469
33.3
469
33.3333
469
33.3667
469
33.4
469
33.4333
469
33.4667
469
33.5
469
33.5333
470
33.5667
471
33.6
471
33.6333
471
33.6667
471
33.7
471
33.7333
471
33.7667
471
33.8
471
33.8333
472
33.8667
472
33.9
472
33.9333
472
33.9667
472
34
472
34.0333
472
34.0667
473
34.1
473
34.1333
473
34.1667
473
34.2
473
34.2333
474
34.2667
474
34.3
474
34.3333
474
34.3667
474
34.4
475
34.4333
475
34.4667
475
34.5
475
34.5333
475
34.5667
475
34.6
475
34.6333
475
34.6667
475
34.7
475
34.7333
475
34.7667
475
34.8
475
34.8333
475
34.8667
475
34.9
475
34.9333
475
34.9667
475
35
475
35.0333
475
35.0667
475
35.1
475
35.1333
475
35.1667
475
35.2
475
35.2333
475
35.2667
475
35.3
475
35.3333
475
35.3667
475
35.4
475
35.4333
475
35.4667
475
35.5
475
35.5333
475
35.5667
475
35.6
475
35.6333
475
35.6667
475
35.7
475
35.7333
475
35.7667
475
35.8
476
35.8333
476
35.8667
476
35.9
476
35.9333
476
35.9667
476
36
476
36.0333
476
36.0667
476
36.1
476
36.1333
476
36.1667
477
36.2
477
36.2333
477
36.2667
477
36.3
477
36.3333
477
36.3667
477
36.4
477
36.4333
477
36.4667
477
36.5
477
36.5333
477
36.5667
477
36.6
477
36.6333
477
36.6667
477
