0
1
0.0333333
1
0.0666667
1
0.1
1
0.133333
1
0.166667
1
0.2
1
0.233333
1
0.266667
1
0.3
1
0.333333
1
0.366667
1
0.4
1
0.433333
1
0.466667
1
0.5
1
0.533333
1
0.566667
1
0.6
1
0.633333
1
0.666667
1
0.7
1
0.733333
1
0.766667
1
0.8
1
0.833333
1
0.866667
1
0.9
1
0.933333
1
0.966667
1
1
1
1.03333
1
1.06667
1
1.1
1
1.13333
1
1.16667
1
1.2
1
1.23333
1
1.26667
1
1.3
1
1.33333
1
1.36667
1
1.4
1
1.43333
1
1.46667
1
1.5
1
1.53333
1
1.56667
1
1.6
1
1.63333
1
1.66667
1
1.7
1
1.73333
1
1.76667
1
1.8
1
1.83333
1
1.86667
1
1.9
1
1.93333
1
1.96667
1
2
1
2.03333
1
2.06667
1
2.1
1
2.13333
1
2.16667
1
2.2
1
2.23333
1
2.26667
1
2.3
1
2.33333
1
2.36667
1
2.4
1
2.43333
1
2.46667
1
2.5
1
2.53333
1
2.56667
1
2.6
1
2.63333
1
2.66667
1
2.7
1
2.73333
1
2.76667
1
2.8
1
2.83333
1
2.86667
1
2.9
1
2.93333
1
2.96667
1
3
1
3.03333
1
3.06667
1
3.1
1
3.13333
1
3.16667
1
3.2
1
3.23333
1
3.26667
1
3.3
1
3.33333
1
3.36667
1
3.4
1
3.43333
1
3.46667
1
3.5
1
3.53333
1
3.56667
1
3.6
1
3.63333
1
3.66667
1
3.7
1
3.73333
1
3.76667
1
3.8
1
3.83333
1
3.86667
1
3.9
1
3.93333
1
3.96667
1
4
1
4.03333
1
4.06667
1
4.1
1
4.13333
1
4.16667
1
4.2
1
4.23333
1
4.26667
1
4.3
1
4.33333
1
4.36667
1
4.4
1
4.43333
1
4.46667
1
4.5
1
4.53333
1
4.56667
1
4.6
1
4.63333
1
4.66667
1
4.7
1
4.73333
1
4.76667
1
4.8
1
4.83333
1
4.86667
1
4.9
1
4.93333
1
4.96667
1
5
1
5.03333
1
5.06667
1
5.1
1
5.13333
1
5.16667
1
5.2
1
5.23333
1
5.26667
1
5.3
1
5.33333
1
5.36667
1
5.4
1
5.43333
1
5.46667
1
5.5
1
5.53333
1
5.56667
1
5.6
1
5.63333
2
5.66667
2
5.7
2
5.73333
2
5.76667
2
5.8
2
5.83333
3
5.86667
4
5.9
4
5.93333
4
5.96667
4
6
4
6.03333
4
6.06667
4
6.1
4
6.13333
4
6.16667
4
6.2
4
6.23333
4
6.26667
4
6.3
4
6.33333
4
6.36667
4
6.4
4
6.43333
4
6.46667
4
6.5
4
6.53333
4
6.56667
4
6.6
4
6.63333
4
6.66667
4
6.7
4
6.73333
4
6.76667
4
6.8
4
6.83333
4
6.86667
4
6.9
5
6.93333
5
6.96667
5
7
6
7.03333
6
7.06667
6
7.1
6
7.13333
7
7.16667
7
7.2
7
7.23333
8
7.26667
8
7.3
9
7.33333
9
7.36667
10
7.4
10
7.43333
10
7.46667
10
7.5
11
7.53333
11
7.56667
11
7.6
11
7.63333
11
7.66667
11
7.7
11
7.73333
11
7.76667
12
7.8
12
7.83333
12
7.86667
13
7.9
13
7.93333
13
7.96667
13
8
14
8.03333
15
8.06667
15
8.1
15
8.13333
15
8.16667
15
8.2
15
8.23333
16
8.26667
17
8.3
17
8.33333
17
8.36667
17
8.4
17
8.43333
17
8.46667
17
8.5
17
8.53333
17
8.56667
17
8.6
17
8.63333
18
8.66667
18
8.7
18
8.73333
18
8.76667
18
8.8
19
8.83333
19
8.86667
19
8.9
19
8.93333
19
8.96667
20
9
21
9.03333
21
9.06667
23
9.1
23
9.13333
23
9.16667
23
9.2
23
9.23333
24
9.26667
24
9.3
26
9.33333
26
9.36667
28
9.4
28
9.43333
28
9.46667
28
9.5
28
9.53333
28
9.56667
30
9.6
30
9.63333
30
9.66667
30
9.7
32
9.73333
32
9.76667
32
9.8
32
9.83333
33
9.86667
33
9.9
33
9.93333
33
9.96667
34
10
34
10.0333
34
10.0667
36
10.1
36
10.1333
38
10.1667
38
10.2
39
10.2333
39
10.2667
40
10.3
40
10.3333
40
10.3667
41
10.4
41
10.4333
42
10.4667
42
10.5
42
10.5333
45
10.5667
45
10.6
46
10.6333
47
10.6667
47
10.7
47
10.7333
47
10.7667
47
10.8
47
10.8333
47
10.8667
47
10.9
47
10.9333
47
10.9667
47
11
47
11.0333
47
11.0667
47
11.1
47
11.1333
48
11.1667
48
11.2
48
11.2333
49
11.2667
49
11.3
49
11.3333
49
11.3667
49
11.4
50
11.4333
50
11.4667
50
11.5
50
11.5333
50
11.5667
50
11.6
50
11.6333
50
11.6667
50
11.7
50
11.7333
50
11.7667
50
11.8
50
11.8333
50
11.8667
50
11.9
50
11.9333
50
11.9667
50
12
50
12.0333
50
12.0667
50
12.1
50
12.1333
50
12.1667
50
12.2
50
12.2333
51
12.2667
51
12.3
51
12.3333
51
12.3667
51
12.4
51
12.4333
51
12.4667
51
12.5
51
12.5333
51
12.5667
51
12.6
51
12.6333
51
12.6667
51
12.7
51
12.7333
51
12.7667
51
12.8
51
12.8333
51
12.8667
51
12.9
51
12.9333
51
12.9667
51
13
51
13.0333
51
13.0667
51
13.1
51
13.1333
51
13.1667
51
13.2
51
13.2333
51
13.2667
51
13.3
51
13.3333
51
13.3667
51
13.4
51
13.4333
51
13.4667
51
13.5
51
13.5333
51
13.5667
51
13.6
51
13.6333
51
13.6667
51
13.7
51
13.7333
51
13.7667
51
13.8
51
13.8333
51
13.8667
51
13.9
51
13.9333
51
13.9667
51
14
51
14.0333
51
14.0667
51
14.1
51
14.1333
51
14.1667
51
14.2
51
14.2333
51
14.2667
51
14.3
51
14.3333
51
14.3667
51
14.4
51
14.4333
51
14.4667
51
14.5
51
14.5333
51
14.5667
51
14.6
51
14.6333
51
14.6667
51
14.7
51
14.7333
51
14.7667
51
14.8
51
14.8333
51
14.8667
51
14.9
51
14.9333
51
14.9667
51
15
51
15.0333
51
15.0667
51
15.1
51
15.1333
51
15.1667
51
15.2
51
15.2333
51
15.2667
51
15.3
51
15.3333
51
15.3667
51
15.4
51
15.4333
51
15.4667
51
15.5
51
15.5333
51
15.5667
51
15.6
51
15.6333
51
15.6667
51
15.7
51
15.7333
51
15.7667
51
15.8
52
15.8333
52
15.8667
52
15.9
52
15.9333
52
15.9667
52
16
52
16.0333
52
16.0667
52
16.1
52
16.1333
52
16.1667
52
16.2
52
16.2333
52
16.2667
52
16.3
52
16.3333
52
16.3667
52
16.4
52
16.4333
52
16.4667
52
16.5
52
16.5333
52
16.5667
52
16.6
52
16.6333
52
16.6667
52
16.7
52
16.7333
52
16.7667
52
16.8
52
16.8333
52
16.8667
52
16.9
52
16.9333
52
16.9667
52
17
52
17.0333
52
17.0667
52
17.1
52
17.1333
52
17.1667
52
17.2
52
17.2333
52
17.2667
52
17.3
52
17.3333
52
17.3667
52
17.4
52
17.4333
52
17.4667
52
17.5
52
17.5333
52
17.5667
52
17.6
52
17.6333
52
17.6667
52
17.7
52
17.7333
52
17.7667
52
17.8
52
17.8333
52
17.8667
52
17.9
52
17.9333
52
17.9667
52
18
52
18.0333
52
18.0667
52
18.1
52
18.1333
52
18.1667
52
18.2
52
18.2333
52
18.2667
52
18.3
52
18.3333
52
18.3667
52
18.4
52
18.4333
52
18.4667
52
18.5
52
18.5333
52
18.5667
52
18.6
52
18.6333
52
18.6667
52
18.7
52
18.7333
52
18.7667
52
18.8
52
18.8333
52
18.8667
52
18.9
52
18.9333
52
18.9667
52
19
52
19.0333
52
19.0667
52
19.1
52
19.1333
52
19.1667
52
19.2
52
19.2333
52
19.2667
52
19.3
52
19.3333
52
19.3667
52
19.4
52
19.4333
52
19.4667
52
19.5
52
19.5333
52
19.5667
52
19.6
52
19.6333
52
19.6667
52
19.7
52
19.7333
52
19.7667
52
19.8
52
19.8333
52
19.8667
52
19.9
52
19.9333
52
19.9667
52
20
52
