0
1
0.0333333
1
0.0666667
1
0.1
1
0.133333
1
0.166667
1
0.2
1
0.233333
1
0.266667
1
0.3
1
0.333333
1
0.366667
1
0.4
1
0.433333
1
0.466667
1
0.5
1
0.533333
1
0.566667
1
0.6
1
0.633333
1
0.666667
1
0.7
1
0.733333
1
0.766667
1
0.8
1
0.833333
1
0.866667
1
0.9
1
0.933333
1
0.966667
1
1
1
1.03333
1
1.06667
1
1.1
1
1.13333
1
1.16667
1
1.2
1
1.23333
1
1.26667
1
1.3
1
1.33333
1
1.36667
1
1.4
1
1.43333
1
1.46667
1
1.5
1
1.53333
1
1.56667
1
1.6
1
1.63333
1
1.66667
1
1.7
1
1.73333
1
1.76667
1
1.8
1
1.83333
1
1.86667
1
1.9
1
1.93333
1
1.96667
1
2
1
2.03333
1
2.06667
1
2.1
1
2.13333
1
2.16667
1
2.2
1
2.23333
1
2.26667
1
2.3
1
2.33333
1
2.36667
1
2.4
1
2.43333
1
2.46667
1
2.5
1
2.53333
1
2.56667
1
2.6
1
2.63333
1
2.66667
1
2.7
1
2.73333
1
2.76667
1
2.8
1
2.83333
1
2.86667
1
2.9
1
2.93333
1
2.96667
1
3
1
3.03333
1
3.06667
1
3.1
1
3.13333
1
3.16667
1
3.2
1
3.23333
1
3.26667
1
3.3
1
3.33333
1
3.36667
1
3.4
1
3.43333
1
3.46667
1
3.5
1
3.53333
1
3.56667
1
3.6
1
3.63333
1
3.66667
1
3.7
1
3.73333
1
3.76667
1
3.8
1
3.83333
1
3.86667
1
3.9
1
3.93333
1
3.96667
1
4
1
4.03333
1
4.06667
1
4.1
1
4.13333
1
4.16667
1
4.2
1
4.23333
1
4.26667
1
4.3
1
4.33333
1
4.36667
1
4.4
1
4.43333
1
4.46667
1
4.5
1
4.53333
1
4.56667
1
4.6
1
4.63333
1
4.66667
1
4.7
1
4.73333
1
4.76667
1
4.8
1
4.83333
1
4.86667
1
4.9
1
4.93333
1
4.96667
1
5
1
5.03333
1
5.06667
1
5.1
1
5.13333
1
5.16667
1
5.2
1
5.23333
1
5.26667
3
5.3
3
5.33333
3
5.36667
3
5.4
3
5.43333
3
5.46667
3
5.5
3
5.53333
3
5.56667
4
5.6
4
5.63333
4
5.66667
4
5.7
4
5.73333
5
5.76667
5
5.8
6
5.83333
6
5.86667
6
5.9
7
5.93333
8
5.96667
8
6
8
6.03333
8
6.06667
8
6.1
9
6.13333
10
6.16667
10
6.2
10
6.23333
11
6.26667
13
6.3
13
6.33333
13
6.36667
14
6.4
14
6.43333
15
6.46667
16
6.5
18
6.53333
18
6.56667
18
6.6
20
6.63333
22
6.66667
23
6.7
23
6.73333
25
6.76667
28
6.8
28
6.83333
29
6.86667
29
6.9
30
6.93333
30
6.96667
32
7
33
7.03333
33
7.06667
33
7.1
34
7.13333
35
7.16667
36
7.2
38
7.23333
39
7.26667
39
7.3
41
7.33333
42
7.36667
44
7.4
44
7.43333
44
7.46667
44
7.5
47
7.53333
48
7.56667
49
7.6
50
7.63333
52
7.66667
53
7.7
53
7.73333
54
7.76667
55
7.8
56
7.83333
56
7.86667
56
7.9
57
7.93333
60
7.96667
61
8
65
8.03333
66
8.06667
67
8.1
67
8.13333
68
8.16667
70
8.2
71
8.23333
72
8.26667
73
8.3
74
8.33333
77
8.36667
77
8.4
79
8.43333
79
8.46667
81
8.5
82
8.53333
83
8.56667
84
8.6
86
8.63333
89
8.66667
91
8.7
92
8.73333
94
8.76667
95
8.8
95
8.83333
96
8.86667
96
8.9
99
8.93333
100
8.96667
103
9
103
9.03333
104
9.06667
106
9.1
106
9.13333
106
9.16667
108
9.2
108
9.23333
108
9.26667
110
9.3
110
9.33333
113
9.36667
113
9.4
113
9.43333
114
9.46667
116
9.5
117
9.53333
119
9.56667
121
9.6
122
9.63333
122
9.66667
123
9.7
124
9.73333
125
9.76667
126
9.8
127
9.83333
130
9.86667
131
9.9
131
9.93333
132
9.96667
133
10
133
10.0333
135
10.0667
135
10.1
136
10.1333
137
10.1667
137
10.2
137
10.2333
139
10.2667
140
10.3
140
10.3333
140
10.3667
141
10.4
142
10.4333
142
10.4667
142
10.5
142
10.5333
142
10.5667
142
10.6
143
10.6333
144
10.6667
144
10.7
144
10.7333
144
10.7667
145
10.8
145
10.8333
147
10.8667
147
10.9
147
10.9333
148
10.9667
148
11
148
11.0333
148
11.0667
149
11.1
149
11.1333
150
11.1667
150
11.2
150
11.2333
150
11.2667
151
11.3
152
11.3333
152
11.3667
152
11.4
153
11.4333
154
11.4667
155
11.5
155
11.5333
156
11.5667
156
11.6
157
11.6333
157
11.6667
157
11.7
160
11.7333
160
11.7667
160
11.8
160
11.8333
162
11.8667
164
11.9
167
11.9333
167
11.9667
168
12
169
12.0333
172
12.0667
174
12.1
175
12.1333
175
12.1667
175
12.2
176
12.2333
177
12.2667
177
12.3
179
12.3333
180
12.3667
181
12.4
182
12.4333
182
12.4667
183
12.5
184
12.5333
185
12.5667
185
12.6
186
12.6333
186
12.6667
186
12.7
186
12.7333
188
12.7667
189
12.8
189
12.8333
189
12.8667
189
12.9
192
12.9333
192
12.9667
192
13
192
13.0333
193
13.0667
195
13.1
195
13.1333
195
13.1667
195
13.2
197
13.2333
197
13.2667
198
13.3
198
13.3333
199
13.3667
199
13.4
199
13.4333
200
13.4667
200
13.5
200
13.5333
200
13.5667
201
13.6
201
13.6333
202
13.6667
203
13.7
203
13.7333
203
13.7667
204
13.8
205
13.8333
205
13.8667
207
13.9
208
13.9333
209
13.9667
209
14
209
14.0333
209
14.0667
210
14.1
211
14.1333
212
14.1667
213
14.2
213
14.2333
213
14.2667
213
14.3
213
14.3333
213
14.3667
213
14.4
214
14.4333
215
14.4667
215
14.5
216
14.5333
217
14.5667
217
14.6
217
14.6333
218
14.6667
219
14.7
220
14.7333
220
14.7667
220
14.8
220
14.8333
220
14.8667
220
14.9
221
14.9333
221
14.9667
222
15
222
15.0333
222
15.0667
223
15.1
224
15.1333
225
15.1667
226
15.2
226
15.2333
227
15.2667
228
15.3
229
15.3333
229
15.3667
229
15.4
229
15.4333
230
15.4667
230
15.5
230
15.5333
231
15.5667
232
15.6
234
15.6333
236
15.6667
238
15.7
238
15.7333
238
15.7667
238
15.8
238
15.8333
239
15.8667
241
15.9
241
15.9333
241
15.9667
241
16
243
16.0333
243
16.0667
243
16.1
244
16.1333
244
16.1667
244
16.2
244
16.2333
245
16.2667
245
16.3
245
16.3333
245
16.3667
245
16.4
245
16.4333
245
16.4667
246
16.5
246
16.5333
248
16.5667
248
16.6
249
16.6333
249
16.6667
249
16.7
249
16.7333
249
16.7667
249
16.8
249
16.8333
250
16.8667
250
16.9
250
16.9333
251
16.9667
252
17
253
17.0333
253
17.0667
253
17.1
253
17.1333
253
17.1667
253
17.2
253
17.2333
253
17.2667
253
17.3
253
17.3333
253
17.3667
254
17.4
254
17.4333
254
17.4667
254
17.5
254
17.5333
254
17.5667
255
17.6
255
17.6333
255
17.6667
255
17.7
255
17.7333
255
17.7667
255
17.8
256
17.8333
257
17.8667
257
17.9
257
17.9333
257
17.9667
257
18
257
18.0333
257
18.0667
258
18.1
259
18.1333
260
18.1667
261
18.2
262
18.2333
262
18.2667
262
18.3
263
18.3333
264
18.3667
264
18.4
265
18.4333
265
18.4667
265
18.5
265
18.5333
267
18.5667
267
18.6
267
18.6333
268
18.6667
269
18.7
269
18.7333
269
18.7667
270
18.8
270
18.8333
270
18.8667
270
18.9
270
18.9333
270
18.9667
270
19
270
19.0333
270
19.0667
270
19.1
271
19.1333
271
19.1667
271
19.2
271
19.2333
272
19.2667
272
19.3
273
19.3333
273
19.3667
273
19.4
273
19.4333
273
19.4667
274
19.5
274
19.5333
274
19.5667
274
19.6
274
19.6333
274
19.6667
274
19.7
276
19.7333
276
19.7667
277
19.8
278
19.8333
279
19.8667
280
19.9
280
19.9333
280
19.9667
281
20
285
20.0333
287
20.0667
288
20.1
288
20.1333
290
20.1667
290
20.2
291
20.2333
291
20.2667
291
20.3
293
20.3333
294
20.3667
295
20.4
295
20.4333
295
20.4667
298
20.5
298
20.5333
299
20.5667
300
20.6
300
20.6333
300
20.6667
300
20.7
301
20.7333
302
20.7667
303
20.8
303
20.8333
305
20.8667
305
20.9
306
20.9333
306
20.9667
306
21
306
21.0333
307
21.0667
307
21.1
308
21.1333
308
21.1667
308
21.2
309
21.2333
309
21.2667
309
21.3
311
21.3333
311
21.3667
312
21.4
313
21.4333
313
21.4667
313
21.5
313
21.5333
313
21.5667
315
21.6
317
21.6333
317
21.6667
318
21.7
319
21.7333
319
21.7667
319
21.8
319
21.8333
320
21.8667
322
21.9
322
21.9333
324
21.9667
325
22
325
22.0333
329
22.0667
329
22.1
330
22.1333
330
22.1667
332
22.2
333
22.2333
333
22.2667
333
22.3
335
22.3333
337
22.3667
339
22.4
340
22.4333
341
22.4667
341
22.5
341
22.5333
342
22.5667
344
22.6
345
22.6333
345
22.6667
346
22.7
346
22.7333
347
22.7667
347
22.8
348
22.8333
349
22.8667
349
22.9
349
22.9333
349
22.9667
350
23
351
23.0333
351
23.0667
351
23.1
352
23.1333
352
23.1667
352
23.2
352
23.2333
353
23.2667
355
23.3
357
23.3333
358
23.3667
358
23.4
359
23.4333
359
23.4667
360
23.5
360
23.5333
360
23.5667
361
23.6
361
23.6333
361
23.6667
361
23.7
363
23.7333
363
23.7667
363
23.8
363
23.8333
363
23.8667
365
23.9
365
23.9333
365
23.9667
365
24
365
24.0333
366
24.0667
366
24.1
366
24.1333
366
24.1667
368
24.2
369
24.2333
370
24.2667
370
24.3
370
24.3333
370
24.3667
370
24.4
370
24.4333
370
24.4667
370
24.5
370
24.5333
370
24.5667
370
24.6
370
24.6333
370
24.6667
370
24.7
370
24.7333
370
24.7667
370
24.8
370
24.8333
370
24.8667
370
24.9
370
24.9333
371
24.9667
371
25
371
25.0333
371
25.0667
371
25.1
373
25.1333
373
25.1667
373
25.2
373
25.2333
374
25.2667
374
25.3
374
25.3333
374
25.3667
374
25.4
374
25.4333
374
25.4667
374
25.5
374
25.5333
375
25.5667
375
25.6
375
25.6333
375
25.6667
375
25.7
375
25.7333
376
25.7667
376
25.8
376
25.8333
376
25.8667
376
25.9
376
25.9333
376
25.9667
376
26
376
26.0333
376
26.0667
376
26.1
376
26.1333
376
26.1667
376
26.2
377
26.2333
379
26.2667
379
26.3
379
26.3333
381
26.3667
381
26.4
381
26.4333
381
26.4667
381
26.5
381
26.5333
381
26.5667
382
26.6
382
26.6333
382
26.6667
382
26.7
384
26.7333
385
26.7667
386
26.8
386
26.8333
386
26.8667
386
26.9
387
26.9333
389
26.9667
389
27
390
27.0333
390
27.0667
390
27.1
390
27.1333
390
27.1667
390
27.2
390
27.2333
390
27.2667
390
27.3
390
27.3333
390
27.3667
390
27.4
390
27.4333
390
27.4667
390
27.5
390
27.5333
390
27.5667
390
27.6
390
27.6333
390
27.6667
390
27.7
390
27.7333
390
27.7667
390
27.8
390
27.8333
390
27.8667
390
27.9
390
27.9333
390
27.9667
390
28
390
28.0333
390
28.0667
390
28.1
390
28.1333
390
28.1667
390
28.2
390
28.2333
390
28.2667
390
28.3
390
28.3333
390
28.3667
390
28.4
390
28.4333
391
28.4667
391
28.5
391
28.5333
391
28.5667
391
28.6
392
28.6333
392
28.6667
392
28.7
392
28.7333
392
28.7667
393
28.8
393
28.8333
393
28.8667
393
28.9
393
28.9333
393
28.9667
393
29
394
29.0333
394
29.0667
394
29.1
394
29.1333
394
29.1667
394
29.2
394
29.2333
395
29.2667
395
29.3
396
29.3333
396
29.3667
397
29.4
397
29.4333
397
29.4667
397
29.5
397
29.5333
397
29.5667
397
29.6
397
29.6333
397
29.6667
397
29.7
397
29.7333
397
29.7667
397
29.8
397
29.8333
397
29.8667
397
29.9
397
29.9333
397
29.9667
397
30
397
30.0333
398
30.0667
398
30.1
398
30.1333
398
30.1667
398
30.2
398
30.2333
398
30.2667
399
30.3
399
30.3333
400
30.3667
400
30.4
400
30.4333
400
30.4667
401
30.5
401
30.5333
401
30.5667
402
30.6
402
30.6333
402
30.6667
402
30.7
403
30.7333
403
30.7667
403
30.8
403
30.8333
403
30.8667
403
30.9
403
30.9333
404
30.9667
404
31
404
31.0333
405
31.0667
405
31.1
405
31.1333
405
31.1667
405
31.2
405
31.2333
405
31.2667
405
31.3
405
31.3333
405
31.3667
405
31.4
405
31.4333
405
31.4667
405
31.5
406
31.5333
406
31.5667
407
31.6
407
31.6333
407
31.6667
407
31.7
407
31.7333
408
31.7667
408
31.8
408
31.8333
408
31.8667
408
31.9
408
31.9333
408
31.9667
408
32
408
32.0333
408
32.0667
408
32.1
408
32.1333
408
32.1667
408
32.2
408
32.2333
409
32.2667
409
32.3
409
32.3333
409
32.3667
409
32.4
409
32.4333
409
32.4667
409
32.5
409
32.5333
409
32.5667
409
32.6
409
32.6333
409
32.6667
409
32.7
409
32.7333
409
32.7667
409
32.8
409
32.8333
409
32.8667
409
32.9
409
32.9333
409
32.9667
410
33
410
33.0333
410
33.0667
410
33.1
410
33.1333
410
33.1667
410
33.2
410
33.2333
411
33.2667
411
33.3
411
33.3333
411
33.3667
411
33.4
411
33.4333
411
33.4667
411
33.5
411
33.5333
411
33.5667
412
33.6
412
33.6333
412
33.6667
412
33.7
412
33.7333
412
33.7667
412
33.8
412
33.8333
412
33.8667
412
33.9
413
33.9333
413
33.9667
413
34
413
34.0333
413
34.0667
413
34.1
413
34.1333
413
34.1667
413
34.2
413
34.2333
413
34.2667
413
34.3
413
34.3333
413
34.3667
413
34.4
413
34.4333
413
34.4667
413
34.5
413
34.5333
413
34.5667
413
34.6
413
34.6333
413
34.6667
413
34.7
413
34.7333
413
34.7667
414
34.8
414
34.8333
414
34.8667
414
34.9
414
34.9333
414
34.9667
414
35
414
35.0333
414
35.0667
414
35.1
414
35.1333
414
35.1667
414
35.2
414
35.2333
414
35.2667
414
35.3
414
35.3333
414
35.3667
414
35.4
415
35.4333
416
35.4667
416
35.5
416
35.5333
416
35.5667
416
35.6
416
35.6333
416
35.6667
416
35.7
416
35.7333
416
35.7667
416
35.8
416
35.8333
416
35.8667
416
35.9
416
35.9333
416
35.9667
416
36
416
36.0333
416
36.0667
416
36.1
416
36.1333
416
36.1667
416
36.2
416
36.2333
416
36.2667
416
36.3
416
36.3333
416
36.3667
416
36.4
416
36.4333
416
36.4667
416
36.5
416
36.5333
416
36.5667
416
36.6
416
36.6333
416
36.6667
416
