0
1
0.0333333
1
0.0666667
1
0.1
1
0.133333
1
0.166667
1
0.2
1
0.233333
1
0.266667
1
0.3
1
0.333333
1
0.366667
1
0.4
1
0.433333
1
0.466667
1
0.5
1
0.533333
1
0.566667
1
0.6
1
0.633333
1
0.666667
1
0.7
1
0.733333
1
0.766667
1
0.8
1
0.833333
1
0.866667
1
0.9
1
0.933333
1
0.966667
1
1
1
1.03333
1
1.06667
1
1.1
1
1.13333
1
1.16667
1
1.2
1
1.23333
1
1.26667
1
1.3
1
1.33333
1
1.36667
1
1.4
1
1.43333
1
1.46667
1
1.5
1
1.53333
1
1.56667
1
1.6
1
1.63333
1
1.66667
1
1.7
1
1.73333
1
1.76667
1
1.8
1
1.83333
1
1.86667
1
1.9
1
1.93333
1
1.96667
1
2
1
2.03333
1
2.06667
1
2.1
1
2.13333
1
2.16667
1
2.2
1
2.23333
1
2.26667
1
2.3
1
2.33333
1
2.36667
1
2.4
1
2.43333
1
2.46667
1
2.5
1
2.53333
1
2.56667
1
2.6
1
2.63333
1
2.66667
1
2.7
1
2.73333
1
2.76667
1
2.8
1
2.83333
1
2.86667
1
2.9
1
2.93333
1
2.96667
1
3
1
3.03333
1
3.06667
1
3.1
1
3.13333
1
3.16667
1
3.2
1
3.23333
1
3.26667
1
3.3
1
3.33333
1
3.36667
1
3.4
1
3.43333
1
3.46667
1
3.5
1
3.53333
1
3.56667
1
3.6
1
3.63333
1
3.66667
1
3.7
1
3.73333
1
3.76667
1
3.8
1
3.83333
1
3.86667
1
3.9
1
3.93333
1
3.96667
1
4
1
4.03333
1
4.06667
1
4.1
1
4.13333
1
4.16667
1
4.2
1
4.23333
1
4.26667
1
4.3
1
4.33333
1
4.36667
1
4.4
1
4.43333
1
4.46667
1
4.5
1
4.53333
1
4.56667
1
4.6
1
4.63333
1
4.66667
1
4.7
1
4.73333
1
4.76667
1
4.8
1
4.83333
1
4.86667
1
4.9
1
4.93333
1
4.96667
1
5
1
5.03333
1
5.06667
1
5.1
1
5.13333
1
5.16667
1
5.2
1
5.23333
1
5.26667
1
5.3
1
5.33333
1
5.36667
1
5.4
1
5.43333
1
5.46667
1
5.5
1
5.53333
1
5.56667
1
5.6
1
5.63333
1
5.66667
1
5.7
2
5.73333
2
5.76667
4
5.8
4
5.83333
5
5.86667
5
5.9
5
5.93333
5
5.96667
5
6
6
6.03333
6
6.06667
6
6.1
6
6.13333
7
6.16667
8
6.2
8
6.23333
8
6.26667
9
6.3
11
6.33333
11
6.36667
11
6.4
12
6.43333
13
6.46667
13
6.5
14
6.53333
14
6.56667
15
6.6
16
6.63333
16
6.66667
16
6.7
17
6.73333
17
6.76667
18
6.8
18
6.83333
19
6.86667
19
6.9
19
6.93333
19
6.96667
19
7
19
7.03333
19
7.06667
19
7.1
19
7.13333
19
7.16667
19
7.2
19
7.23333
20
7.26667
20
7.3
21
7.33333
24
7.36667
26
7.4
27
7.43333
27
7.46667
28
7.5
28
7.53333
28
7.56667
30
7.6
30
7.63333
31
7.66667
31
7.7
31
7.73333
32
7.76667
32
7.8
34
7.83333
36
7.86667
36
7.9
36
7.93333
36
7.96667
37
8
37
8.03333
38
8.06667
39
8.1
39
8.13333
40
8.16667
42
8.2
42
8.23333
42
8.26667
42
8.3
42
8.33333
42
8.36667
42
8.4
44
8.43333
45
8.46667
47
8.5
49
8.53333
50
8.56667
50
8.6
53
8.63333
53
8.66667
54
8.7
55
8.73333
55
8.76667
56
8.8
58
8.83333
59
8.86667
59
8.9
60
8.93333
62
8.96667
63
9
64
9.03333
66
9.06667
67
9.1
71
9.13333
71
9.16667
73
9.2
75
9.23333
77
9.26667
79
9.3
79
9.33333
79
9.36667
79
9.4
80
9.43333
82
9.46667
83
9.5
84
9.53333
84
9.56667
85
9.6
85
9.63333
85
9.66667
86
9.7
87
9.73333
87
9.76667
89
9.8
89
9.83333
90
9.86667
90
9.9
91
9.93333
91
9.96667
93
10
94
10.0333
94
10.0667
94
10.1
94
10.1333
94
10.1667
95
10.2
95
10.2333
95
10.2667
95
10.3
95
10.3333
97
10.3667
97
10.4
97
10.4333
97
10.4667
97
10.5
98
10.5333
98
10.5667
98
10.6
99
10.6333
99
10.6667
99
10.7
99
10.7333
100
10.7667
100
10.8
101
10.8333
101
10.8667
102
10.9
102
10.9333
103
10.9667
104
11
104
11.0333
107
11.0667
108
11.1
108
11.1333
108
11.1667
108
11.2
108
11.2333
108
11.2667
108
11.3
108
11.3333
109
11.3667
109
11.4
110
11.4333
111
11.4667
111
11.5
112
11.5333
112
11.5667
112
11.6
112
11.6333
114
11.6667
115
11.7
115
11.7333
115
11.7667
115
11.8
115
11.8333
115
11.8667
115
11.9
116
11.9333
116
11.9667
116
12
118
12.0333
118
12.0667
118
12.1
118
12.1333
118
12.1667
119
12.2
119
12.2333
119
12.2667
120
12.3
120
12.3333
120
12.3667
121
12.4
121
12.4333
122
12.4667
122
12.5
123
12.5333
123
12.5667
123
12.6
123
12.6333
123
12.6667
123
12.7
123
12.7333
123
12.7667
123
12.8
123
12.8333
123
12.8667
123
12.9
123
12.9333
123
12.9667
123
13
123
13.0333
123
13.0667
123
13.1
123
13.1333
123
13.1667
124
13.2
124
13.2333
125
13.2667
126
13.3
126
13.3333
126
13.3667
126
13.4
126
13.4333
127
13.4667
127
13.5
127
13.5333
128
13.5667
128
13.6
128
13.6333
128
13.6667
128
13.7
129
13.7333
129
13.7667
130
13.8
130
13.8333
130
13.8667
130
13.9
131
13.9333
131
13.9667
131
14
131
14.0333
131
14.0667
132
14.1
132
14.1333
133
14.1667
133
14.2
133
14.2333
134
14.2667
135
14.3
137
14.3333
137
14.3667
137
14.4
137
14.4333
138
14.4667
141
14.5
141
14.5333
141
14.5667
141
14.6
142
14.6333
144
14.6667
144
14.7
144
14.7333
144
14.7667
144
14.8
145
14.8333
145
14.8667
147
14.9
147
14.9333
150
14.9667
150
15
150
15.0333
150
15.0667
151
15.1
151
15.1333
152
15.1667
152
15.2
152
15.2333
153
15.2667
153
15.3
153
15.3333
153
15.3667
153
15.4
153
15.4333
154
15.4667
155
15.5
158
15.5333
159
15.5667
159
15.6
160
15.6333
160
15.6667
160
15.7
160
15.7333
160
15.7667
160
15.8
160
15.8333
160
15.8667
160
15.9
160
15.9333
161
15.9667
161
16
161
16.0333
161
16.0667
161
16.1
163
16.1333
163
16.1667
163
16.2
163
16.2333
163
16.2667
163
16.3
163
16.3333
163
16.3667
163
16.4
163
16.4333
163
16.4667
164
16.5
164
16.5333
164
16.5667
164
16.6
164
16.6333
164
16.6667
165
16.7
165
16.7333
165
16.7667
165
16.8
165
16.8333
166
16.8667
166
16.9
167
16.9333
168
16.9667
168
17
168
17.0333
168
17.0667
168
17.1
168
17.1333
168
17.1667
168
17.2
168
17.2333
169
17.2667
169
17.3
169
17.3333
170
17.3667
171
17.4
171
17.4333
171
17.4667
172
17.5
172
17.5333
173
17.5667
173
17.6
174
17.6333
175
17.6667
175
17.7
176
17.7333
176
17.7667
177
17.8
178
17.8333
179
17.8667
181
17.9
181
17.9333
181
17.9667
182
18
184
18.0333
185
18.0667
186
18.1
186
18.1333
186
18.1667
187
18.2
187
18.2333
188
18.2667
188
18.3
188
18.3333
188
18.3667
188
18.4
188
18.4333
188
18.4667
188
18.5
188
18.5333
190
18.5667
193
18.6
193
18.6333
193
18.6667
194
18.7
194
18.7333
194
18.7667
195
18.8
195
18.8333
195
18.8667
195
18.9
195
18.9333
197
18.9667
197
19
198
19.0333
198
19.0667
200
19.1
201
19.1333
201
19.1667
203
19.2
203
19.2333
204
19.2667
204
19.3
206
19.3333
207
19.3667
207
19.4
208
19.4333
209
19.4667
209
19.5
210
19.5333
211
19.5667
212
19.6
213
19.6333
213
19.6667
213
19.7
215
19.7333
217
19.7667
217
19.8
218
19.8333
218
19.8667
219
19.9
219
19.9333
219
19.9667
219
20
220
