0
1
0.0333333
1
0.0666667
1
0.1
1
0.133333
1
0.166667
1
0.2
1
0.233333
1
0.266667
1
0.3
1
0.333333
1
0.366667
1
0.4
1
0.433333
1
0.466667
1
0.5
1
0.533333
1
0.566667
1
0.6
1
0.633333
1
0.666667
1
0.7
1
0.733333
1
0.766667
1
0.8
1
0.833333
1
0.866667
1
0.9
1
0.933333
1
0.966667
1
1
1
1.03333
1
1.06667
1
1.1
1
1.13333
1
1.16667
1
1.2
1
1.23333
1
1.26667
1
1.3
1
1.33333
1
1.36667
1
1.4
1
1.43333
1
1.46667
1
1.5
1
1.53333
1
1.56667
1
1.6
1
1.63333
1
1.66667
1
1.7
1
1.73333
1
1.76667
1
1.8
1
1.83333
1
1.86667
1
1.9
1
1.93333
1
1.96667
1
2
1
2.03333
1
2.06667
1
2.1
1
2.13333
1
2.16667
1
2.2
1
2.23333
1
2.26667
1
2.3
1
2.33333
1
2.36667
1
2.4
1
2.43333
1
2.46667
1
2.5
1
2.53333
1
2.56667
1
2.6
1
2.63333
1
2.66667
1
2.7
1
2.73333
1
2.76667
1
2.8
1
2.83333
1
2.86667
1
2.9
1
2.93333
1
2.96667
1
3
1
3.03333
1
3.06667
1
3.1
1
3.13333
1
3.16667
1
3.2
1
3.23333
1
3.26667
1
3.3
1
3.33333
1
3.36667
1
3.4
1
3.43333
1
3.46667
1
3.5
1
3.53333
1
3.56667
1
3.6
1
3.63333
1
3.66667
1
3.7
1
3.73333
1
3.76667
1
3.8
1
3.83333
1
3.86667
1
3.9
1
3.93333
1
3.96667
1
4
1
4.03333
1
4.06667
1
4.1
1
4.13333
1
4.16667
1
4.2
1
4.23333
1
4.26667
1
4.3
1
4.33333
1
4.36667
1
4.4
1
4.43333
1
4.46667
1
4.5
1
4.53333
1
4.56667
1
4.6
1
4.63333
1
4.66667
1
4.7
1
4.73333
1
4.76667
1
4.8
1
4.83333
1
4.86667
1
4.9
1
4.93333
1
4.96667
1
5
1
5.03333
1
5.06667
1
5.1
1
5.13333
1
5.16667
1
5.2
1
5.23333
1
5.26667
1
5.3
1
5.33333
1
5.36667
1
5.4
1
5.43333
1
5.46667
1
5.5
1
5.53333
1
5.56667
1
5.6
1
5.63333
1
5.66667
1
5.7
1
5.73333
1
5.76667
1
5.8
2
5.83333
2
5.86667
2
5.9
2
5.93333
2
5.96667
2
6
2
6.03333
2
6.06667
2
6.1
3
6.13333
3
6.16667
3
6.2
3
6.23333
3
6.26667
3
6.3
4
6.33333
5
6.36667
5
6.4
6
6.43333
7
6.46667
8
6.5
10
6.53333
11
6.56667
11
6.6
11
6.63333
12
6.66667
13
6.7
13
6.73333
13
6.76667
14
6.8
14
6.83333
14
6.86667
14
6.9
15
6.93333
16
6.96667
17
7
18
7.03333
18
7.06667
21
7.1
21
7.13333
22
7.16667
22
7.2
22
7.23333
22
7.26667
24
7.3
25
7.33333
26
7.36667
26
7.4
26
7.43333
26
7.46667
26
7.5
26
7.53333
26
7.56667
27
7.6
27
7.63333
27
7.66667
27
7.7
27
7.73333
27
7.76667
28
7.8
28
7.83333
28
7.86667
28
7.9
28
7.93333
28
7.96667
30
8
31
8.03333
33
8.06667
35
8.1
35
8.13333
36
8.16667
37
8.2
37
8.23333
38
8.26667
38
8.3
38
8.33333
38
8.36667
39
8.4
39
8.43333
40
8.46667
40
8.5
40
8.53333
41
8.56667
43
8.6
44
8.63333
44
8.66667
45
8.7
46
8.73333
47
8.76667
48
8.8
48
8.83333
48
8.86667
49
8.9
50
8.93333
51
8.96667
52
9
52
9.03333
53
9.06667
53
9.1
54
9.13333
56
9.16667
57
9.2
57
9.23333
58
9.26667
58
9.3
58
9.33333
59
9.36667
59
9.4
60
9.43333
60
9.46667
60
9.5
61
9.53333
61
9.56667
62
9.6
62
9.63333
63
9.66667
63
9.7
64
9.73333
64
9.76667
65
9.8
66
9.83333
68
9.86667
69
9.9
69
9.93333
69
9.96667
70
10
70
10.0333
70
10.0667
70
10.1
70
10.1333
70
10.1667
70
10.2
70
10.2333
71
10.2667
71
10.3
72
10.3333
73
10.3667
73
10.4
73
10.4333
74
10.4667
74
10.5
74
10.5333
75
10.5667
75
10.6
77
10.6333
77
10.6667
77
10.7
78
10.7333
78
10.7667
78
10.8
78
10.8333
80
10.8667
80
10.9
80
10.9333
80
10.9667
81
11
81
11.0333
81
11.0667
82
11.1
82
11.1333
82
11.1667
82
11.2
82
11.2333
82
11.2667
82
11.3
82
11.3333
83
11.3667
83
11.4
83
11.4333
83
11.4667
83
11.5
84
11.5333
85
11.5667
85
11.6
85
11.6333
86
11.6667
86
11.7
86
11.7333
86
11.7667
86
11.8
87
11.8333
87
11.8667
87
11.9
89
11.9333
89
11.9667
89
12
89
12.0333
89
12.0667
89
12.1
89
12.1333
89
12.1667
90
12.2
90
12.2333
90
12.2667
91
12.3
91
12.3333
91
12.3667
91
12.4
91
12.4333
91
12.4667
91
12.5
92
12.5333
92
12.5667
92
12.6
92
12.6333
92
12.6667
92
12.7
92
12.7333
92
12.7667
92
12.8
92
12.8333
92
12.8667
92
12.9
92
12.9333
92
12.9667
93
13
93
13.0333
93
13.0667
94
13.1
94
13.1333
94
13.1667
94
13.2
94
13.2333
94
13.2667
94
13.3
95
13.3333
95
13.3667
96
13.4
96
13.4333
96
13.4667
96
13.5
99
13.5333
99
13.5667
101
13.6
101
13.6333
102
13.6667
103
13.7
103
13.7333
103
13.7667
104
13.8
104
13.8333
104
13.8667
105
13.9
105
13.9333
105
13.9667
105
14
105
14.0333
105
14.0667
105
14.1
105
14.1333
106
14.1667
106
14.2
106
14.2333
106
14.2667
106
14.3
107
14.3333
107
14.3667
109
14.4
109
14.4333
109
14.4667
109
14.5
109
14.5333
110
14.5667
110
14.6
111
14.6333
111
14.6667
111
14.7
111
14.7333
111
14.7667
111
14.8
112
14.8333
112
14.8667
115
14.9
116
14.9333
116
14.9667
116
15
116
15.0333
116
15.0667
116
15.1
117
15.1333
119
15.1667
119
15.2
120
15.2333
120
15.2667
121
15.3
124
15.3333
126
15.3667
127
15.4
128
15.4333
129
15.4667
131
15.5
131
15.5333
132
15.5667
132
15.6
133
15.6333
133
15.6667
133
15.7
134
15.7333
134
15.7667
134
15.8
134
15.8333
134
15.8667
136
15.9
137
15.9333
137
15.9667
137
16
138
16.0333
139
16.0667
139
16.1
140
16.1333
140
16.1667
140
16.2
140
16.2333
140
16.2667
141
16.3
141
16.3333
141
16.3667
141
16.4
141
16.4333
141
16.4667
141
16.5
142
16.5333
143
16.5667
143
16.6
143
16.6333
144
16.6667
144
16.7
144
16.7333
144
16.7667
145
16.8
145
16.8333
145
16.8667
147
16.9
147
16.9333
147
16.9667
148
17
148
17.0333
149
17.0667
151
17.1
153
17.1333
154
17.1667
155
17.2
157
17.2333
159
17.2667
160
17.3
161
17.3333
161
17.3667
163
17.4
164
17.4333
166
17.4667
168
17.5
168
17.5333
170
17.5667
174
17.6
174
17.6333
174
17.6667
179
17.7
180
17.7333
181
17.7667
181
17.8
181
17.8333
181
17.8667
182
17.9
183
17.9333
183
17.9667
184
18
186
18.0333
186
18.0667
187
18.1
189
18.1333
189
18.1667
191
18.2
193
18.2333
193
18.2667
194
18.3
196
18.3333
197
18.3667
198
18.4
199
18.4333
200
18.4667
200
18.5
202
18.5333
203
18.5667
204
18.6
206
18.6333
207
18.6667
208
18.7
211
18.7333
211
18.7667
211
18.8
213
18.8333
214
18.8667
215
18.9
216
18.9333
217
18.9667
218
19
219
19.0333
221
19.0667
222
19.1
225
19.1333
226
19.1667
227
19.2
227
19.2333
227
19.2667
228
19.3
228
19.3333
229
19.3667
229
19.4
229
19.4333
229
19.4667
231
19.5
232
19.5333
234
19.5667
234
19.6
234
19.6333
234
19.6667
234
19.7
234
19.7333
234
19.7667
234
19.8
234
19.8333
234
19.8667
235
19.9
235
19.9333
235
19.9667
235
20
235
20.0333
235
20.0667
235
20.1
235
20.1333
235
20.1667
237
20.2
237
20.2333
237
20.2667
237
20.3
237
20.3333
237
20.3667
238
20.4
238
20.4333
239
20.4667
239
20.5
239
20.5333
239
20.5667
239
20.6
240
20.6333
240
20.6667
240
20.7
240
20.7333
240
20.7667
240
20.8
240
20.8333
240
20.8667
240
20.9
240
20.9333
240
20.9667
240
21
241
21.0333
243
21.0667
243
21.1
243
21.1333
243
21.1667
244
21.2
244
21.2333
246
21.2667
246
21.3
246
21.3333
246
21.3667
246
21.4
246
21.4333
247
21.4667
247
21.5
248
21.5333
248
21.5667
248
21.6
249
21.6333
250
21.6667
250
21.7
250
21.7333
250
21.7667
250
21.8
250
21.8333
250
21.8667
250
21.9
251
21.9333
251
21.9667
251
22
251
22.0333
251
22.0667
251
22.1
251
22.1333
252
22.1667
252
22.2
253
22.2333
253
22.2667
254
22.3
255
22.3333
256
22.3667
256
22.4
257
22.4333
257
22.4667
257
22.5
257
22.5333
258
22.5667
260
22.6
262
22.6333
262
22.6667
263
22.7
265
22.7333
265
22.7667
265
22.8
267
22.8333
267
22.8667
269
22.9
269
22.9333
269
22.9667
269
23
269
23.0333
270
23.0667
271
23.1
274
23.1333
274
23.1667
275
23.2
276
23.2333
276
23.2667
276
23.3
276
23.3333
277
23.3667
277
23.4
277
23.4333
278
23.4667
278
23.5
278
23.5333
278
23.5667
278
23.6
278
23.6333
278
23.6667
278
23.7
280
23.7333
281
23.7667
282
23.8
282
23.8333
282
23.8667
282
23.9
282
23.9333
282
23.9667
283
24
283
24.0333
283
24.0667
283
24.1
283
24.1333
283
24.1667
283
24.2
283
24.2333
283
24.2667
283
24.3
283
24.3333
283
24.3667
283
24.4
283
24.4333
283
24.4667
284
24.5
284
24.5333
284
24.5667
284
24.6
285
24.6333
285
24.6667
285
24.7
285
24.7333
286
24.7667
286
24.8
286
24.8333
286
24.8667
286
24.9
286
24.9333
286
24.9667
286
25
286
25.0333
286
25.0667
286
25.1
286
25.1333
286
25.1667
286
25.2
286
25.2333
286
25.2667
286
25.3
286
25.3333
286
25.3667
286
25.4
286
25.4333
286
25.4667
286
25.5
286
25.5333
286
25.5667
287
25.6
287
25.6333
287
25.6667
288
25.7
289
25.7333
289
25.7667
289
25.8
289
25.8333
289
25.8667
289
25.9
289
25.9333
289
25.9667
290
26
290
26.0333
290
26.0667
290
26.1
290
26.1333
290
26.1667
290
26.2
290
26.2333
290
26.2667
290
26.3
290
26.3333
291
26.3667
291
26.4
291
26.4333
292
26.4667
292
26.5
292
26.5333
292
26.5667
293
26.6
293
26.6333
294
26.6667
294
26.7
294
26.7333
294
26.7667
294
26.8
294
26.8333
294
26.8667
294
26.9
294
26.9333
294
26.9667
294
27
295
27.0333
295
27.0667
295
27.1
295
27.1333
295
27.1667
295
27.2
295
27.2333
295
27.2667
295
27.3
296
27.3333
296
27.3667
296
27.4
296
27.4333
296
27.4667
296
27.5
296
27.5333
297
27.5667
297
27.6
297
27.6333
297
27.6667
297
27.7
298
27.7333
298
27.7667
298
27.8
298
27.8333
298
27.8667
298
27.9
298
27.9333
298
27.9667
298
28
298
28.0333
298
28.0667
298
28.1
298
28.1333
298
28.1667
298
28.2
298
28.2333
298
28.2667
299
28.3
299
28.3333
299
28.3667
300
28.4
300
28.4333
300
28.4667
300
28.5
300
28.5333
301
28.5667
302
28.6
303
28.6333
303
28.6667
303
28.7
304
28.7333
305
28.7667
306
28.8
306
28.8333
308
28.8667
308
28.9
310
28.9333
310
28.9667
310
29
311
29.0333
311
29.0667
312
29.1
313
29.1333
313
29.1667
313
29.2
314
29.2333
314
29.2667
315
29.3
315
29.3333
315
29.3667
315
29.4
315
29.4333
315
29.4667
316
29.5
316
29.5333
316
29.5667
316
29.6
316
29.6333
316
29.6667
316
29.7
316
29.7333
316
29.7667
316
29.8
316
29.8333
316
29.8667
316
29.9
316
29.9333
316
29.9667
316
30
316
30.0333
316
30.0667
316
30.1
316
30.1333
316
30.1667
316
30.2
316
30.2333
316
30.2667
316
30.3
316
30.3333
316
30.3667
316
30.4
316
30.4333
316
30.4667
316
30.5
316
30.5333
316
30.5667
316
30.6
316
30.6333
316
30.6667
316
30.7
316
30.7333
316
30.7667
316
30.8
316
30.8333
316
30.8667
316
30.9
316
30.9333
316
30.9667
316
31
317
31.0333
317
31.0667
317
31.1
317
31.1333
317
31.1667
317
31.2
317
31.2333
317
31.2667
317
31.3
317
31.3333
317
31.3667
317
31.4
317
31.4333
317
31.4667
317
31.5
317
31.5333
317
31.5667
317
31.6
317
31.6333
317
31.6667
317
31.7
317
31.7333
317
31.7667
317
31.8
317
31.8333
317
31.8667
317
31.9
317
31.9333
317
31.9667
317
32
317
32.0333
317
32.0667
317
32.1
317
32.1333
317
32.1667
317
32.2
317
32.2333
317
32.2667
317
32.3
317
32.3333
317
32.3667
317
32.4
317
32.4333
317
32.4667
317
32.5
317
32.5333
317
32.5667
318
32.6
318
32.6333
318
32.6667
318
32.7
318
32.7333
318
32.7667
318
32.8
318
32.8333
318
32.8667
318
32.9
318
32.9333
318
32.9667
319
33
319
33.0333
319
33.0667
319
33.1
319
33.1333
320
33.1667
320
33.2
320
33.2333
320
33.2667
320
33.3
320
33.3333
320
33.3667
320
33.4
320
33.4333
320
33.4667
320
33.5
320
33.5333
320
33.5667
320
33.6
321
33.6333
321
33.6667
321
33.7
322
33.7333
322
33.7667
322
33.8
322
33.8333
322
33.8667
322
33.9
322
33.9333
323
33.9667
323
34
323
34.0333
323
34.0667
323
34.1
323
34.1333
323
34.1667
323
34.2
323
34.2333
323
34.2667
323
34.3
323
34.3333
323
34.3667
323
34.4
323
34.4333
323
34.4667
323
34.5
323
34.5333
323
34.5667
323
34.6
323
34.6333
323
34.6667
323
34.7
323
34.7333
323
34.7667
323
34.8
323
34.8333
323
34.8667
323
34.9
323
34.9333
323
34.9667
323
35
323
35.0333
323
35.0667
323
35.1
323
35.1333
323
35.1667
323
35.2
323
35.2333
323
35.2667
323
35.3
323
35.3333
323
35.3667
324
35.4
324
35.4333
324
35.4667
324
35.5
324
35.5333
324
35.5667
324
35.6
324
35.6333
324
35.6667
324
35.7
324
35.7333
324
35.7667
324
35.8
324
35.8333
325
35.8667
325
35.9
325
35.9333
325
35.9667
325
36
325
36.0333
325
36.0667
325
36.1
325
36.1333
325
36.1667
325
36.2
325
36.2333
325
36.2667
325
36.3
325
36.3333
325
36.3667
325
36.4
325
36.4333
325
36.4667
325
36.5
325
36.5333
325
36.5667
325
36.6
325
36.6333
325
36.6667
325
