0
1
0.0333333
1
0.0666667
1
0.1
1
0.133333
1
0.166667
1
0.2
1
0.233333
1
0.266667
1
0.3
1
0.333333
1
0.366667
1
0.4
1
0.433333
1
0.466667
1
0.5
1
0.533333
1
0.566667
1
0.6
1
0.633333
1
0.666667
1
0.7
1
0.733333
1
0.766667
1
0.8
1
0.833333
1
0.866667
1
0.9
1
0.933333
1
0.966667
1
1
1
1.03333
1
1.06667
1
1.1
1
1.13333
1
1.16667
1
1.2
1
1.23333
1
1.26667
1
1.3
1
1.33333
1
1.36667
1
1.4
1
1.43333
1
1.46667
1
1.5
1
1.53333
1
1.56667
1
1.6
1
1.63333
1
1.66667
1
1.7
1
1.73333
1
1.76667
1
1.8
1
1.83333
1
1.86667
1
1.9
1
1.93333
1
1.96667
1
2
1
2.03333
1
2.06667
1
2.1
1
2.13333
1
2.16667
1
2.2
1
2.23333
1
2.26667
1
2.3
1
2.33333
1
2.36667
1
2.4
1
2.43333
1
2.46667
1
2.5
1
2.53333
1
2.56667
1
2.6
1
2.63333
1
2.66667
1
2.7
1
2.73333
1
2.76667
1
2.8
1
2.83333
1
2.86667
1
2.9
1
2.93333
1
2.96667
1
3
1
3.03333
1
3.06667
1
3.1
1
3.13333
1
3.16667
1
3.2
1
3.23333
1
3.26667
1
3.3
1
3.33333
1
3.36667
1
3.4
1
3.43333
1
3.46667
1
3.5
1
3.53333
1
3.56667
1
3.6
1
3.63333
1
3.66667
1
3.7
1
3.73333
1
3.76667
1
3.8
1
3.83333
1
3.86667
1
3.9
1
3.93333
1
3.96667
1
4
1
4.03333
1
4.06667
1
4.1
1
4.13333
1
4.16667
1
4.2
1
4.23333
1
4.26667
1
4.3
1
4.33333
1
4.36667
1
4.4
1
4.43333
1
4.46667
1
4.5
1
4.53333
1
4.56667
1
4.6
1
4.63333
1
4.66667
1
4.7
1
4.73333
1
4.76667
1
4.8
1
4.83333
1
4.86667
1
4.9
1
4.93333
1
4.96667
1
5
1
5.03333
1
5.06667
1
5.1
1
5.13333
1
5.16667
1
5.2
1
5.23333
1
5.26667
1
5.3
1
5.33333
1
5.36667
1
5.4
1
5.43333
1
5.46667
1
5.5
1
5.53333
1
5.56667
2
5.6
2
5.63333
2
5.66667
2
5.7
2
5.73333
2
5.76667
2
5.8
2
5.83333
2
5.86667
2
5.9
2
5.93333
2
5.96667
2
6
2
6.03333
2
6.06667
2
6.1
2
6.13333
2
6.16667
2
6.2
2
6.23333
2
6.26667
2
6.3
2
6.33333
3
6.36667
3
6.4
3
6.43333
3
6.46667
3
6.5
3
6.53333
3
6.56667
3
6.6
5
6.63333
6
6.66667
6
6.7
6
6.73333
6
6.76667
7
6.8
8
6.83333
9
6.86667
10
6.9
11
6.93333
11
6.96667
12
7
13
7.03333
14
7.06667
14
7.1
14
7.13333
14
7.16667
14
7.2
15
7.23333
16
7.26667
16
7.3
16
7.33333
16
7.36667
17
7.4
17
7.43333
17
7.46667
17
7.5
18
7.53333
18
7.56667
18
7.6
18
7.63333
18
7.66667
18
7.7
18
7.73333
18
7.76667
18
7.8
18
7.83333
19
7.86667
20
7.9
20
7.93333
20
7.96667
21
8
21
8.03333
21
8.06667
21
8.1
21
8.13333
23
8.16667
24
8.2
25
8.23333
25
8.26667
25
8.3
25
8.33333
25
8.36667
25
8.4
26
8.43333
26
8.46667
27
8.5
27
8.53333
29
8.56667
29
8.6
29
8.63333
29
8.66667
29
8.7
29
8.73333
30
8.76667
31
8.8
34
8.83333
35
8.86667
36
8.9
36
8.93333
37
8.96667
37
9
37
9.03333
39
9.06667
39
9.1
39
9.13333
39
9.16667
40
9.2
40
9.23333
40
9.26667
40
9.3
43
9.33333
43
9.36667
44
9.4
44
9.43333
46
9.46667
46
9.5
47
9.53333
48
9.56667
49
9.6
50
9.63333
52
9.66667
54
9.7
54
9.73333
54
9.76667
54
9.8
54
9.83333
56
9.86667
59
9.9
59
9.93333
59
9.96667
60
10
61
10.0333
61
10.0667
61
10.1
63
10.1333
63
10.1667
64
10.2
65
10.2333
65
10.2667
67
10.3
68
10.3333
68
10.3667
68
10.4
70
10.4333
71
10.4667
73
10.5
76
10.5333
76
10.5667
77
10.6
81
10.6333
81
10.6667
82
10.7
84
10.7333
84
10.7667
86
10.8
86
10.8333
86
10.8667
87
10.9
87
10.9333
88
10.9667
89
11
90
11.0333
90
11.0667
90
11.1
90
11.1333
90
11.1667
91
11.2
92
11.2333
92
11.2667
92
11.3
92
11.3333
92
11.3667
93
11.4
95
11.4333
97
11.4667
97
11.5
97
11.5333
97
11.5667
99
11.6
99
11.6333
99
11.6667
99
11.7
99
11.7333
99
11.7667
101
11.8
102
11.8333
103
11.8667
104
11.9
104
11.9333
106
11.9667
106
12
106
12.0333
106
12.0667
106
12.1
106
12.1333
106
12.1667
106
12.2
106
12.2333
106
12.2667
107
12.3
107
12.3333
108
12.3667
108
12.4
108
12.4333
108
12.4667
108
12.5
109
12.5333
110
12.5667
112
12.6
113
12.6333
113
12.6667
114
12.7
115
12.7333
115
12.7667
116
12.8
116
12.8333
116
12.8667
116
12.9
116
12.9333
116
12.9667
117
13
117
13.0333
117
13.0667
117
13.1
118
13.1333
118
13.1667
118
13.2
118
13.2333
118
13.2667
118
13.3
118
13.3333
119
13.3667
119
13.4
119
13.4333
120
13.4667
120
13.5
120
13.5333
121
13.5667
121
13.6
121
13.6333
121
13.6667
121
13.7
121
13.7333
121
13.7667
121
13.8
121
13.8333
121
13.8667
121
13.9
121
13.9333
121
13.9667
121
14
121
14.0333
121
14.0667
121
14.1
121
14.1333
121
14.1667
121
14.2
122
14.2333
122
14.2667
122
14.3
122
14.3333
123
14.3667
123
14.4
124
14.4333
124
14.4667
124
14.5
124
14.5333
124
14.5667
124
14.6
124
14.6333
124
14.6667
124
14.7
124
14.7333
125
14.7667
125
14.8
125
14.8333
127
14.8667
127
14.9
127
14.9333
127
14.9667
128
15
128
15.0333
128
15.0667
128
15.1
128
15.1333
128
15.1667
128
15.2
129
15.2333
129
15.2667
129
15.3
129
15.3333
130
15.3667
131
15.4
131
15.4333
131
15.4667
133
15.5
133
15.5333
133
15.5667
134
15.6
135
15.6333
135
15.6667
135
15.7
136
15.7333
136
15.7667
137
15.8
138
15.8333
138
15.8667
139
15.9
140
15.9333
140
15.9667
141
16
141
16.0333
142
16.0667
142
16.1
143
16.1333
143
16.1667
143
16.2
143
16.2333
144
16.2667
144
16.3
146
16.3333
146
16.3667
146
16.4
146
16.4333
147
16.4667
147
16.5
147
16.5333
147
16.5667
147
16.6
147
16.6333
147
16.6667
148
16.7
148
16.7333
148
16.7667
148
16.8
148
16.8333
148
16.8667
148
16.9
148
16.9333
148
16.9667
149
17
149
17.0333
149
17.0667
149
17.1
149
17.1333
149
17.1667
149
17.2
149
17.2333
150
17.2667
150
17.3
150
17.3333
150
17.3667
150
17.4
150
17.4333
150
17.4667
150
17.5
150
17.5333
150
17.5667
150
17.6
150
17.6333
150
17.6667
150
17.7
150
17.7333
150
17.7667
150
17.8
150
17.8333
150
17.8667
150
17.9
150
17.9333
150
17.9667
150
18
150
18.0333
150
18.0667
150
18.1
150
18.1333
150
18.1667
150
18.2
150
18.2333
150
18.2667
150
18.3
150
18.3333
150
18.3667
150
18.4
150
18.4333
150
18.4667
150
18.5
150
18.5333
150
18.5667
150
18.6
150
18.6333
150
18.6667
150
18.7
150
18.7333
150
18.7667
150
18.8
150
18.8333
150
18.8667
150
18.9
151
18.9333
151
18.9667
152
19
153
19.0333
153
19.0667
153
19.1
153
19.1333
153
19.1667
153
19.2
153
19.2333
153
19.2667
153
19.3
153
19.3333
153
19.3667
153
19.4
153
19.4333
153
19.4667
153
19.5
153
19.5333
153
19.5667
153
19.6
153
19.6333
153
19.6667
153
19.7
153
19.7333
153
19.7667
153
19.8
153
19.8333
153
19.8667
153
19.9
153
19.9333
153
19.9667
153
20
153
20.0333
153
20.0667
153
20.1
153
20.1333
153
20.1667
153
20.2
153
20.2333
153
20.2667
153
20.3
153
20.3333
153
20.3667
153
20.4
153
20.4333
153
20.4667
153
20.5
153
20.5333
153
20.5667
153
20.6
153
20.6333
153
20.6667
153
20.7
153
20.7333
154
20.7667
154
20.8
155
20.8333
155
20.8667
155
20.9
155
20.9333
155
20.9667
156
21
156
21.0333
156
21.0667
156
21.1
156
21.1333
156
21.1667
156
21.2
157
21.2333
157
21.2667
157
21.3
157
21.3333
157
21.3667
157
21.4
158
21.4333
158
21.4667
158
21.5
158
21.5333
158
21.5667
158
21.6
158
21.6333
158
21.6667
158
21.7
158
21.7333
158
21.7667
158
21.8
158
21.8333
158
21.8667
158
21.9
158
21.9333
158
21.9667
158
22
158
22.0333
158
22.0667
158
22.1
158
22.1333
158
22.1667
158
22.2
158
22.2333
158
22.2667
158
22.3
158
22.3333
158
22.3667
158
22.4
158
22.4333
158
22.4667
158
22.5
158
22.5333
158
22.5667
158
22.6
158
22.6333
158
22.6667
158
22.7
158
22.7333
158
22.7667
158
22.8
158
22.8333
158
22.8667
158
22.9
158
22.9333
158
22.9667
158
23
158
23.0333
158
23.0667
158
23.1
158
23.1333
158
23.1667
158
23.2
158
23.2333
158
23.2667
158
23.3
158
23.3333
158
23.3667
158
23.4
158
23.4333
158
23.4667
158
23.5
158
23.5333
158
23.5667
158
23.6
158
23.6333
158
23.6667
158
23.7
158
23.7333
158
23.7667
158
23.8
158
23.8333
158
23.8667
158
23.9
158
23.9333
158
23.9667
158
24
158
24.0333
158
24.0667
158
24.1
158
24.1333
159
24.1667
159
24.2
159
24.2333
159
24.2667
159
24.3
159
24.3333
159
24.3667
160
24.4
160
24.4333
160
24.4667
160
24.5
160
24.5333
160
24.5667
160
24.6
160
24.6333
160
24.6667
160
24.7
160
24.7333
160
24.7667
160
24.8
160
24.8333
160
24.8667
160
24.9
160
24.9333
160
24.9667
160
25
160
25.0333
160
25.0667
160
25.1
160
25.1333
160
25.1667
161
25.2
161
25.2333
161
25.2667
161
25.3
161
25.3333
161
25.3667
161
25.4
161
25.4333
161
25.4667
163
25.5
163
25.5333
163
25.5667
163
25.6
163
25.6333
163
25.6667
163
25.7
164
25.7333
165
25.7667
165
25.8
165
25.8333
165
25.8667
165
25.9
165
25.9333
165
25.9667
165
26
165
26.0333
165
26.0667
165
26.1
165
26.1333
165
26.1667
165
26.2
166
26.2333
166
26.2667
166
26.3
166
26.3333
166
26.3667
166
26.4
166
26.4333
166
26.4667
167
26.5
167
26.5333
167
26.5667
167
26.6
167
26.6333
167
26.6667
167
26.7
167
26.7333
167
26.7667
167
26.8
167
26.8333
167
26.8667
167
26.9
167
26.9333
167
26.9667
167
27
167
27.0333
167
27.0667
167
27.1
167
27.1333
167
27.1667
167
27.2
167
27.2333
167
27.2667
168
27.3
168
27.3333
168
27.3667
168
27.4
168
27.4333
168
27.4667
168
27.5
168
27.5333
168
27.5667
168
27.6
168
27.6333
168
27.6667
168
27.7
168
27.7333
168
27.7667
168
27.8
169
27.8333
169
27.8667
169
27.9
169
27.9333
169
27.9667
169
28
169
28.0333
169
28.0667
170
28.1
170
28.1333
170
28.1667
170
28.2
170
28.2333
171
28.2667
171
28.3
171
28.3333
171
28.3667
171
28.4
171
28.4333
172
28.4667
172
28.5
172
28.5333
172
28.5667
172
28.6
172
28.6333
172
28.6667
172
28.7
172
28.7333
172
28.7667
172
28.8
172
28.8333
172
28.8667
172
28.9
172
28.9333
172
28.9667
172
29
172
29.0333
172
29.0667
172
29.1
172
29.1333
172
29.1667
172
29.2
172
29.2333
172
29.2667
172
29.3
172
29.3333
172
29.3667
172
29.4
172
29.4333
172
29.4667
172
29.5
172
29.5333
172
29.5667
172
29.6
172
29.6333
172
29.6667
172
29.7
172
29.7333
172
29.7667
172
29.8
172
29.8333
173
29.8667
173
29.9
173
29.9333
174
29.9667
174
30
174
30.0333
174
30.0667
174
30.1
176
30.1333
177
30.1667
178
30.2
178
30.2333
178
30.2667
178
30.3
178
30.3333
179
30.3667
179
30.4
179
30.4333
179
30.4667
179
30.5
179
30.5333
179
30.5667
179
30.6
179
30.6333
180
30.6667
180
30.7
180
30.7333
180
30.7667
181
30.8
181
30.8333
182
30.8667
182
30.9
183
30.9333
183
30.9667
183
31
183
31.0333
183
31.0667
183
31.1
183
31.1333
183
31.1667
183
31.2
183
31.2333
183
31.2667
183
31.3
183
31.3333
183
31.3667
183
31.4
183
31.4333
183
31.4667
183
31.5
183
31.5333
183
31.5667
183
31.6
183
31.6333
183
31.6667
183
31.7
183
31.7333
183
31.7667
183
31.8
183
31.8333
183
31.8667
183
31.9
183
31.9333
183
31.9667
183
32
183
32.0333
183
32.0667
183
32.1
183
32.1333
183
32.1667
183
32.2
183
32.2333
183
32.2667
183
32.3
183
32.3333
183
32.3667
183
32.4
183
32.4333
183
32.4667
183
32.5
183
32.5333
183
32.5667
183
32.6
183
32.6333
183
32.6667
183
32.7
183
32.7333
183
32.7667
183
32.8
183
32.8333
183
32.8667
183
32.9
183
32.9333
183
32.9667
183
33
183
33.0333
183
33.0667
183
33.1
183
33.1333
183
33.1667
183
33.2
183
33.2333
183
33.2667
183
33.3
183
33.3333
183
33.3667
183
33.4
183
33.4333
183
33.4667
183
33.5
183
33.5333
183
33.5667
183
33.6
183
33.6333
183
33.6667
183
33.7
183
33.7333
183
33.7667
183
33.8
183
33.8333
183
33.8667
183
33.9
183
33.9333
183
33.9667
183
34
183
34.0333
183
34.0667
183
34.1
183
34.1333
183
34.1667
183
34.2
183
34.2333
183
34.2667
183
34.3
183
34.3333
183
34.3667
183
34.4
183
34.4333
183
34.4667
183
34.5
183
34.5333
183
34.5667
183
34.6
183
34.6333
183
34.6667
183
34.7
183
34.7333
183
34.7667
183
34.8
183
34.8333
183
34.8667
183
34.9
183
34.9333
183
34.9667
183
35
183
35.0333
183
35.0667
183
35.1
183
35.1333
183
35.1667
183
35.2
183
35.2333
183
35.2667
183
35.3
183
35.3333
183
35.3667
183
35.4
183
35.4333
183
35.4667
183
35.5
183
35.5333
183
35.5667
183
35.6
183
35.6333
183
35.6667
183
35.7
183
35.7333
183
35.7667
183
35.8
183
35.8333
183
35.8667
183
35.9
183
35.9333
183
35.9667
183
36
183
36.0333
183
36.0667
183
36.1
183
36.1333
183
36.1667
183
36.2
183
36.2333
183
36.2667
183
36.3
183
36.3333
183
36.3667
183
36.4
183
36.4333
183
36.4667
183
36.5
183
36.5333
184
36.5667
184
36.6
184
36.6333
184
36.6667
184
