0
1
0.0333333
1
0.0666667
1
0.1
1
0.133333
1
0.166667
1
0.2
1
0.233333
1
0.266667
1
0.3
1
0.333333
1
0.366667
1
0.4
1
0.433333
1
0.466667
1
0.5
1
0.533333
1
0.566667
1
0.6
1
0.633333
1
0.666667
1
0.7
1
0.733333
1
0.766667
1
0.8
1
0.833333
1
0.866667
1
0.9
1
0.933333
1
0.966667
1
1
1
1.03333
1
1.06667
1
1.1
1
1.13333
1
1.16667
1
1.2
1
1.23333
1
1.26667
1
1.3
1
1.33333
1
1.36667
1
1.4
1
1.43333
1
1.46667
1
1.5
1
1.53333
1
1.56667
1
1.6
1
1.63333
1
1.66667
1
1.7
1
1.73333
1
1.76667
1
1.8
1
1.83333
1
1.86667
1
1.9
1
1.93333
1
1.96667
1
2
1
2.03333
1
2.06667
1
2.1
1
2.13333
1
2.16667
1
2.2
1
2.23333
1
2.26667
1
2.3
1
2.33333
1
2.36667
1
2.4
1
2.43333
1
2.46667
1
2.5
1
2.53333
1
2.56667
1
2.6
1
2.63333
1
2.66667
1
2.7
1
2.73333
1
2.76667
1
2.8
1
2.83333
1
2.86667
1
2.9
1
2.93333
1
2.96667
1
3
1
3.03333
1
3.06667
1
3.1
1
3.13333
1
3.16667
1
3.2
1
3.23333
1
3.26667
1
3.3
1
3.33333
1
3.36667
1
3.4
1
3.43333
1
3.46667
1
3.5
1
3.53333
1
3.56667
1
3.6
1
3.63333
1
3.66667
1
3.7
1
3.73333
1
3.76667
1
3.8
1
3.83333
1
3.86667
1
3.9
1
3.93333
1
3.96667
1
4
1
4.03333
1
4.06667
1
4.1
1
4.13333
1
4.16667
1
4.2
1
4.23333
1
4.26667
1
4.3
1
4.33333
1
4.36667
1
4.4
1
4.43333
1
4.46667
1
4.5
1
4.53333
1
4.56667
2
4.6
2
4.63333
2
4.66667
2
4.7
2
4.73333
2
4.76667
2
4.8
2
4.83333
2
4.86667
2
4.9
2
4.93333
3
4.96667
3
5
3
5.03333
3
5.06667
4
5.1
4
5.13333
4
5.16667
4
5.2
5
5.23333
5
5.26667
5
5.3
5
5.33333
5
5.36667
5
5.4
5
5.43333
6
5.46667
6
5.5
6
5.53333
6
5.56667
7
5.6
8
5.63333
8
5.66667
8
5.7
11
5.73333
12
5.76667
14
5.8
17
5.83333
17
5.86667
19
5.9
21
5.93333
22
5.96667
22
6
24
6.03333
27
6.06667
27
6.1
29
6.13333
30
6.16667
32
6.2
35
6.23333
35
6.26667
38
6.3
39
6.33333
40
6.36667
43
6.4
44
6.43333
44
6.46667
44
6.5
47
6.53333
47
6.56667
47
6.6
48
6.63333
49
6.66667
49
6.7
51
6.73333
53
6.76667
56
6.8
57
6.83333
59
6.86667
61
6.9
63
6.93333
65
6.96667
68
7
70
7.03333
73
7.06667
78
7.1
79
7.13333
81
7.16667
86
7.2
88
7.23333
90
7.26667
92
7.3
96
7.33333
96
7.36667
97
7.4
98
7.43333
100
7.46667
100
7.5
101
7.53333
103
7.56667
106
7.6
108
7.63333
109
7.66667
109
7.7
113
7.73333
115
7.76667
117
7.8
118
7.83333
119
7.86667
120
7.9
123
7.93333
126
7.96667
127
8
131
8.03333
131
8.06667
134
8.1
135
8.13333
141
8.16667
142
8.2
145
8.23333
147
8.26667
152
8.3
153
8.33333
157
8.36667
158
8.4
160
8.43333
161
8.46667
165
8.5
167
8.53333
169
8.56667
170
8.6
172
8.63333
174
8.66667
176
8.7
180
8.73333
181
8.76667
181
8.8
187
8.83333
189
8.86667
189
8.9
189
8.93333
191
8.96667
192
9
192
9.03333
194
9.06667
195
9.1
196
9.13333
199
9.16667
202
9.2
205
9.23333
205
9.26667
205
9.3
206
9.33333
209
9.36667
211
9.4
212
9.43333
212
9.46667
213
9.5
215
9.53333
216
9.56667
217
9.6
218
9.63333
219
9.66667
221
9.7
222
9.73333
222
9.76667
222
9.8
224
9.83333
228
9.86667
229
9.9
230
9.93333
231
9.96667
232
10
234
10.0333
235
10.0667
236
10.1
236
10.1333
236
10.1667
237
10.2
238
10.2333
238
10.2667
238
10.3
239
10.3333
243
10.3667
243
10.4
245
10.4333
246
10.4667
246
10.5
248
10.5333
248
10.5667
248
10.6
249
10.6333
250
10.6667
251
10.7
253
10.7333
254
10.7667
255
10.8
256
10.8333
256
10.8667
258
10.9
259
10.9333
259
10.9667
260
11
260
11.0333
262
11.0667
263
11.1
263
11.1333
265
11.1667
266
11.2
266
11.2333
267
11.2667
268
11.3
270
11.3333
270
11.3667
271
11.4
274
11.4333
274
11.4667
275
11.5
275
11.5333
277
11.5667
277
11.6
277
11.6333
279
11.6667
282
11.7
282
11.7333
283
11.7667
285
11.8
285
11.8333
288
11.8667
289
11.9
289
11.9333
291
11.9667
293
12
295
12.0333
296
12.0667
298
12.1
299
12.1333
302
12.1667
307
12.2
310
12.2333
310
12.2667
310
12.3
312
12.3333
315
12.3667
316
12.4
317
12.4333
319
12.4667
320
12.5
322
12.5333
324
12.5667
326
12.6
332
12.6333
335
12.6667
338
12.7
339
12.7333
340
12.7667
343
12.8
344
12.8333
349
12.8667
349
12.9
350
12.9333
352
12.9667
354
13
355
13.0333
358
13.0667
363
13.1
364
13.1333
365
13.1667
366
13.2
368
13.2333
369
13.2667
371
13.3
372
13.3333
372
13.3667
372
13.4
372
13.4333
372
13.4667
373
13.5
373
13.5333
373
13.5667
373
13.6
375
13.6333
377
13.6667
378
13.7
379
13.7333
380
13.7667
383
13.8
384
13.8333
385
13.8667
385
13.9
385
13.9333
386
13.9667
388
14
388
14.0333
388
14.0667
389
14.1
390
14.1333
391
14.1667
391
14.2
391
14.2333
392
14.2667
392
14.3
395
14.3333
395
14.3667
396
14.4
397
14.4333
397
14.4667
398
14.5
398
14.5333
399
14.5667
399
14.6
399
14.6333
400
14.6667
400
14.7
400
14.7333
402
14.7667
402
14.8
402
14.8333
405
14.8667
406
14.9
406
14.9333
407
14.9667
408
15
409
15.0333
409
15.0667
410
15.1
410
15.1333
410
15.1667
410
15.2
411
15.2333
411
15.2667
412
15.3
413
15.3333
413
15.3667
413
15.4
414
15.4333
414
15.4667
414
15.5
415
15.5333
415
15.5667
417
15.6
417
15.6333
418
15.6667
419
15.7
422
15.7333
422
15.7667
424
15.8
426
15.8333
427
15.8667
427
15.9
429
15.9333
431
15.9667
434
16
435
16.0333
435
16.0667
435
16.1
436
16.1333
438
16.1667
442
16.2
442
16.2333
443
16.2667
446
16.3
447
16.3333
449
16.3667
450
16.4
450
16.4333
450
16.4667
453
16.5
455
16.5333
457
16.5667
457
16.6
458
16.6333
458
16.6667
459
16.7
459
16.7333
461
16.7667
462
16.8
465
16.8333
466
16.8667
468
16.9
469
16.9333
469
16.9667
469
17
470
17.0333
470
17.0667
471
17.1
473
17.1333
473
17.1667
475
17.2
475
17.2333
476
17.2667
477
17.3
479
17.3333
479
17.3667
479
17.4
479
17.4333
480
17.4667
480
17.5
480
17.5333
480
17.5667
482
17.6
482
17.6333
482
17.6667
482
17.7
482
17.7333
482
17.7667
482
17.8
482
17.8333
482
17.8667
483
17.9
483
17.9333
485
17.9667
486
18
486
18.0333
486
18.0667
487
18.1
488
18.1333
488
18.1667
488
18.2
488
18.2333
488
18.2667
488
18.3
489
18.3333
490
18.3667
491
18.4
491
18.4333
493
18.4667
493
18.5
494
18.5333
494
18.5667
494
18.6
494
18.6333
496
18.6667
496
18.7
497
18.7333
498
18.7667
499
18.8
499
18.8333
499
18.8667
500
18.9
501
18.9333
501
18.9667
501
19
501
19.0333
501
19.0667
502
19.1
503
19.1333
504
19.1667
504
19.2
504
19.2333
504
19.2667
505
19.3
505
19.3333
507
19.3667
507
19.4
507
19.4333
507
19.4667
508
19.5
508
19.5333
509
19.5667
510
19.6
510
19.6333
511
19.6667
511
19.7
512
19.7333
512
19.7667
513
19.8
514
19.8333
514
19.8667
514
19.9
515
19.9333
516
19.9667
516
20
516
