0
1
0.0333333
1
0.0666667
1
0.1
1
0.133333
1
0.166667
1
0.2
1
0.233333
1
0.266667
1
0.3
1
0.333333
1
0.366667
1
0.4
1
0.433333
1
0.466667
1
0.5
1
0.533333
1
0.566667
1
0.6
1
0.633333
1
0.666667
1
0.7
1
0.733333
1
0.766667
1
0.8
1
0.833333
1
0.866667
1
0.9
1
0.933333
1
0.966667
1
1
1
1.03333
1
1.06667
1
1.1
1
1.13333
1
1.16667
1
1.2
1
1.23333
1
1.26667
1
1.3
1
1.33333
1
1.36667
1
1.4
1
1.43333
1
1.46667
1
1.5
1
1.53333
1
1.56667
1
1.6
1
1.63333
1
1.66667
1
1.7
1
1.73333
1
1.76667
1
1.8
1
1.83333
1
1.86667
1
1.9
1
1.93333
1
1.96667
1
2
1
2.03333
1
2.06667
1
2.1
1
2.13333
1
2.16667
1
2.2
1
2.23333
1
2.26667
1
2.3
1
2.33333
1
2.36667
1
2.4
1
2.43333
1
2.46667
1
2.5
1
2.53333
1
2.56667
1
2.6
1
2.63333
1
2.66667
1
2.7
1
2.73333
1
2.76667
1
2.8
1
2.83333
1
2.86667
1
2.9
1
2.93333
1
2.96667
1
3
1
3.03333
1
3.06667
1
3.1
1
3.13333
1
3.16667
1
3.2
1
3.23333
1
3.26667
1
3.3
1
3.33333
1
3.36667
1
3.4
1
3.43333
1
3.46667
1
3.5
1
3.53333
1
3.56667
1
3.6
1
3.63333
1
3.66667
1
3.7
1
3.73333
1
3.76667
1
3.8
1
3.83333
1
3.86667
1
3.9
1
3.93333
1
3.96667
1
4
1
4.03333
1
4.06667
1
4.1
1
4.13333
1
4.16667
1
4.2
1
4.23333
1
4.26667
1
4.3
1
4.33333
1
4.36667
1
4.4
1
4.43333
1
4.46667
1
4.5
1
4.53333
1
4.56667
1
4.6
1
4.63333
1
4.66667
1
4.7
1
4.73333
1
4.76667
1
4.8
1
4.83333
1
4.86667
1
4.9
1
4.93333
1
4.96667
1
5
1
5.03333
1
5.06667
1
5.1
1
5.13333
1
5.16667
1
5.2
1
5.23333
1
5.26667
2
5.3
2
5.33333
2
5.36667
2
5.4
3
5.43333
3
5.46667
3
5.5
3
5.53333
3
5.56667
3
5.6
4
5.63333
4
5.66667
4
5.7
5
5.73333
5
5.76667
6
5.8
6
5.83333
7
5.86667
7
5.9
7
5.93333
7
5.96667
7
6
7
6.03333
7
6.06667
8
6.1
8
6.13333
9
6.16667
10
6.2
10
6.23333
11
6.26667
11
6.3
13
6.33333
14
6.36667
14
6.4
14
6.43333
14
6.46667
15
6.5
15
6.53333
16
6.56667
16
6.6
16
6.63333
16
6.66667
19
6.7
20
6.73333
20
6.76667
20
6.8
23
6.83333
23
6.86667
25
6.9
25
6.93333
26
6.96667
27
7
27
7.03333
27
7.06667
27
7.1
29
7.13333
30
7.16667
31
7.2
34
7.23333
35
7.26667
38
7.3
39
7.33333
39
7.36667
40
7.4
42
7.43333
43
7.46667
43
7.5
44
7.53333
45
7.56667
47
7.6
48
7.63333
49
7.66667
52
7.7
52
7.73333
53
7.76667
53
7.8
53
7.83333
56
7.86667
56
7.9
57
7.93333
57
7.96667
59
8
59
8.03333
59
8.06667
59
8.1
59
8.13333
61
8.16667
63
8.2
64
8.23333
64
8.26667
65
8.3
65
8.33333
66
8.36667
66
8.4
67
8.43333
68
8.46667
69
8.5
69
8.53333
70
8.56667
70
8.6
72
8.63333
73
8.66667
73
8.7
73
8.73333
74
8.76667
74
8.8
75
8.83333
75
8.86667
75
8.9
76
8.93333
76
8.96667
76
9
76
9.03333
76
9.06667
77
9.1
77
9.13333
77
9.16667
77
9.2
80
9.23333
81
9.26667
82
9.3
82
9.33333
84
9.36667
87
9.4
89
9.43333
90
9.46667
91
9.5
92
9.53333
92
9.56667
93
9.6
98
9.63333
99
9.66667
101
9.7
103
9.73333
104
9.76667
104
9.8
105
9.83333
108
9.86667
109
9.9
110
9.93333
110
9.96667
113
10
113
10.0333
116
10.0667
118
10.1
120
10.1333
122
10.1667
123
10.2
126
10.2333
128
10.2667
128
10.3
131
10.3333
134
10.3667
135
10.4
139
10.4333
139
10.4667
140
10.5
141
10.5333
142
10.5667
144
10.6
145
10.6333
146
10.6667
148
10.7
152
10.7333
153
10.7667
155
10.8
155
10.8333
156
10.8667
157
10.9
157
10.9333
159
10.9667
163
11
164
11.0333
166
11.0667
167
11.1
169
11.1333
172
11.1667
174
11.2
175
11.2333
175
11.2667
175
11.3
175
11.3333
175
11.3667
177
11.4
177
11.4333
177
11.4667
178
11.5
178
11.5333
179
11.5667
179
11.6
180
11.6333
180
11.6667
181
11.7
182
11.7333
183
11.7667
184
11.8
186
11.8333
187
11.8667
187
11.9
187
11.9333
189
11.9667
190
12
190
12.0333
192
12.0667
192
12.1
197
12.1333
200
12.1667
200
12.2
200
12.2333
201
12.2667
201
12.3
201
12.3333
202
12.3667
202
12.4
202
12.4333
202
12.4667
202
12.5
203
12.5333
203
12.5667
203
12.6
204
12.6333
204
12.6667
204
12.7
204
12.7333
204
12.7667
204
12.8
204
12.8333
205
12.8667
205
12.9
205
12.9333
205
12.9667
205
13
206
13.0333
206
13.0667
206
13.1
207
13.1333
208
13.1667
209
13.2
209
13.2333
209
13.2667
210
13.3
210
13.3333
211
13.3667
211
13.4
211
13.4333
212
13.4667
212
13.5
213
13.5333
214
13.5667
214
13.6
215
13.6333
217
13.6667
217
13.7
217
13.7333
217
13.7667
217
13.8
217
13.8333
217
13.8667
218
13.9
218
13.9333
218
13.9667
218
14
218
14.0333
218
14.0667
218
14.1
218
14.1333
218
14.1667
218
14.2
218
14.2333
220
14.2667
220
14.3
220
14.3333
220
14.3667
220
14.4
220
14.4333
222
14.4667
223
14.5
223
14.5333
224
14.5667
224
14.6
224
14.6333
224
14.6667
224
14.7
225
14.7333
226
14.7667
227
14.8
228
14.8333
228
14.8667
228
14.9
230
14.9333
230
14.9667
230
15
230
15.0333
232
15.0667
233
15.1
234
15.1333
234
15.1667
235
15.2
237
15.2333
238
15.2667
240
15.3
240
15.3333
240
15.3667
241
15.4
242
15.4333
242
15.4667
243
15.5
245
15.5333
245
15.5667
245
15.6
247
15.6333
247
15.6667
247
15.7
247
15.7333
248
15.7667
250
15.8
250
15.8333
250
15.8667
250
15.9
250
15.9333
250
15.9667
250
16
250
16.0333
252
16.0667
252
16.1
253
16.1333
253
16.1667
254
16.2
254
16.2333
255
16.2667
256
16.3
256
16.3333
256
16.3667
256
16.4
258
16.4333
258
16.4667
258
16.5
258
16.5333
258
16.5667
258
16.6
258
16.6333
258
16.6667
258
16.7
258
16.7333
259
16.7667
259
16.8
259
16.8333
259
16.8667
259
16.9
259
16.9333
259
16.9667
259
17
260
17.0333
260
17.0667
260
17.1
261
17.1333
261
17.1667
261
17.2
261
17.2333
261
17.2667
263
17.3
263
17.3333
264
17.3667
265
17.4
266
17.4333
266
17.4667
267
17.5
267
17.5333
267
17.5667
268
17.6
268
17.6333
269
17.6667
271
17.7
271
17.7333
272
17.7667
273
17.8
274
17.8333
274
17.8667
274
17.9
274
17.9333
274
17.9667
275
18
276
18.0333
277
18.0667
278
18.1
279
18.1333
279
18.1667
281
18.2
283
18.2333
283
18.2667
283
18.3
284
18.3333
284
18.3667
284
18.4
284
18.4333
284
18.4667
284
18.5
285
18.5333
285
18.5667
285
18.6
286
18.6333
286
18.6667
287
18.7
287
18.7333
287
18.7667
288
18.8
288
18.8333
288
18.8667
288
18.9
289
18.9333
290
18.9667
290
19
290
19.0333
290
19.0667
290
19.1
290
19.1333
290
19.1667
290
19.2
290
19.2333
291
19.2667
291
19.3
291
19.3333
291
19.3667
291
19.4
292
19.4333
292
19.4667
292
19.5
292
19.5333
292
19.5667
293
19.6
293
19.6333
293
19.6667
293
19.7
294
19.7333
295
19.7667
295
19.8
296
19.8333
297
19.8667
298
19.9
299
19.9333
300
19.9667
300
20
300
20.0333
301
20.0667
301
20.1
302
20.1333
302
20.1667
303
20.2
304
20.2333
304
20.2667
304
20.3
304
20.3333
306
20.3667
306
20.4
308
20.4333
309
20.4667
310
20.5
310
20.5333
310
20.5667
310
20.6
310
20.6333
312
20.6667
313
20.7
313
20.7333
313
20.7667
313
20.8
314
20.8333
314
20.8667
314
20.9
315
20.9333
317
20.9667
317
21
317
21.0333
317
21.0667
317
21.1
317
21.1333
317
21.1667
317
21.2
317
21.2333
317
21.2667
317
21.3
317
21.3333
318
21.3667
318
21.4
320
21.4333
320
21.4667
320
21.5
321
21.5333
321
21.5667
321
21.6
322
21.6333
322
21.6667
322
21.7
322
21.7333
325
21.7667
327
21.8
327
21.8333
328
21.8667
330
21.9
330
21.9333
331
21.9667
332
22
332
22.0333
333
22.0667
333
22.1
334
22.1333
335
22.1667
337
22.2
341
22.2333
341
22.2667
341
22.3
342
22.3333
342
22.3667
342
22.4
342
22.4333
342
22.4667
342
22.5
343
22.5333
343
22.5667
345
22.6
345
22.6333
346
22.6667
346
22.7
347
22.7333
347
22.7667
347
22.8
347
22.8333
347
22.8667
347
22.9
347
22.9333
347
22.9667
348
23
349
23.0333
349
23.0667
349
23.1
349
23.1333
350
23.1667
350
23.2
350
23.2333
352
23.2667
353
23.3
353
23.3333
353
23.3667
353
23.4
353
23.4333
353
23.4667
353
23.5
354
23.5333
355
23.5667
355
23.6
355
23.6333
355
23.6667
355
23.7
355
23.7333
355
23.7667
355
23.8
355
23.8333
355
23.8667
356
23.9
357
23.9333
359
23.9667
359
24
359
24.0333
361
24.0667
362
24.1
362
24.1333
363
24.1667
366
24.2
366
24.2333
366
24.2667
367
24.3
367
24.3333
367
24.3667
367
24.4
367
24.4333
368
24.4667
368
24.5
368
24.5333
368
24.5667
370
24.6
370
24.6333
371
24.6667
371
24.7
371
24.7333
371
24.7667
371
24.8
372
24.8333
372
24.8667
372
24.9
373
24.9333
373
24.9667
374
25
374
25.0333
374
25.0667
374
25.1
374
25.1333
375
25.1667
375
25.2
375
25.2333
375
25.2667
375
25.3
375
25.3333
375
25.3667
376
25.4
376
25.4333
376
25.4667
376
25.5
376
25.5333
377
25.5667
377
25.6
377
25.6333
377
25.6667
377
25.7
377
25.7333
377
25.7667
379
25.8
379
25.8333
380
25.8667
381
25.9
381
25.9333
381
25.9667
381
26
381
26.0333
382
26.0667
382
26.1
382
26.1333
382
26.1667
382
26.2
382
26.2333
382
26.2667
382
26.3
382
26.3333
382
26.3667
382
26.4
383
26.4333
383
26.4667
383
26.5
383
26.5333
383
26.5667
383
26.6
383
26.6333
383
26.6667
383
26.7
384
26.7333
384
26.7667
384
26.8
385
26.8333
387
26.8667
387
26.9
387
26.9333
387
26.9667
387
27
387
27.0333
388
27.0667
388
27.1
388
27.1333
388
27.1667
389
27.2
389
27.2333
389
27.2667
389
27.3
389
27.3333
389
27.3667
389
27.4
389
27.4333
390
27.4667
390
27.5
390
27.5333
390
27.5667
390
27.6
390
27.6333
390
27.6667
390
27.7
390
27.7333
390
27.7667
390
27.8
390
27.8333
391
27.8667
392
27.9
392
27.9333
393
27.9667
393
28
393
28.0333
393
28.0667
393
28.1
393
28.1333
393
28.1667
393
28.2
393
28.2333
393
28.2667
393
28.3
393
28.3333
393
28.3667
393
28.4
393
28.4333
393
28.4667
393
28.5
393
28.5333
393
28.5667
393
28.6
393
28.6333
393
28.6667
393
28.7
393
28.7333
393
28.7667
393
28.8
393
28.8333
393
28.8667
393
28.9
393
28.9333
393
28.9667
393
29
393
29.0333
393
29.0667
393
29.1
393
29.1333
393
29.1667
393
29.2
393
29.2333
394
29.2667
395
29.3
395
29.3333
395
29.3667
395
29.4
395
29.4333
395
29.4667
395
29.5
395
29.5333
395
29.5667
395
29.6
395
29.6333
395
29.6667
396
29.7
396
29.7333
396
29.7667
396
29.8
396
29.8333
396
29.8667
396
29.9
396
29.9333
396
29.9667
396
30
396
30.0333
397
30.0667
397
30.1
397
30.1333
397
30.1667
397
30.2
397
30.2333
397
30.2667
397
30.3
397
30.3333
397
30.3667
397
30.4
397
30.4333
397
30.4667
397
30.5
397
30.5333
397
30.5667
397
30.6
397
30.6333
397
30.6667
397
30.7
397
30.7333
397
30.7667
398
30.8
398
30.8333
398
30.8667
398
30.9
398
30.9333
398
30.9667
398
31
398
31.0333
399
31.0667
399
31.1
399
31.1333
400
31.1667
400
31.2
401
31.2333
401
31.2667
401
31.3
401
31.3333
401
31.3667
401
31.4
402
31.4333
402
31.4667
402
31.5
402
31.5333
402
31.5667
402
31.6
402
31.6333
404
31.6667
404
31.7
404
31.7333
404
31.7667
404
31.8
405
31.8333
405
31.8667
405
31.9
405
31.9333
406
31.9667
406
32
406
32.0333
406
32.0667
406
32.1
406
32.1333
407
32.1667
407
32.2
407
32.2333
407
32.2667
407
32.3
407
32.3333
407
32.3667
407
32.4
407
32.4333
408
32.4667
408
32.5
408
32.5333
409
32.5667
409
32.6
409
32.6333
409
32.6667
409
32.7
409
32.7333
409
32.7667
410
32.8
410
32.8333
410
32.8667
410
32.9
410
32.9333
410
32.9667
410
33
410
33.0333
412
33.0667
412
33.1
412
33.1333
412
33.1667
414
33.2
414
33.2333
414
33.2667
414
33.3
414
33.3333
414
33.3667
415
33.4
415
33.4333
416
33.4667
416
33.5
416
33.5333
417
33.5667
417
33.6
417
33.6333
417
33.6667
417
33.7
417
33.7333
417
33.7667
417
33.8
417
33.8333
418
33.8667
418
33.9
418
33.9333
418
33.9667
418
34
418
34.0333
418
34.0667
418
34.1
418
34.1333
418
34.1667
418
34.2
418
34.2333
418
34.2667
418
34.3
418
34.3333
418
34.3667
418
34.4
418
34.4333
418
34.4667
418
34.5
418
34.5333
418
34.5667
418
34.6
418
34.6333
418
34.6667
418
34.7
418
34.7333
418
34.7667
418
34.8
418
34.8333
418
34.8667
418
34.9
418
34.9333
418
34.9667
418
35
418
35.0333
418
35.0667
418
35.1
418
35.1333
418
35.1667
418
35.2
418
35.2333
418
35.2667
418
35.3
418
35.3333
418
35.3667
418
35.4
418
35.4333
418
35.4667
418
35.5
418
35.5333
418
35.5667
418
35.6
418
35.6333
418
35.6667
418
35.7
418
35.7333
419
35.7667
419
35.8
419
35.8333
419
35.8667
419
35.9
419
35.9333
420
35.9667
420
36
420
36.0333
420
36.0667
420
36.1
420
36.1333
420
36.1667
420
36.2
420
36.2333
420
36.2667
420
36.3
420
36.3333
420
36.3667
420
36.4
420
36.4333
420
36.4667
420
36.5
420
36.5333
420
36.5667
420
36.6
420
36.6333
420
36.6667
420
