0
1
0.0333333
1
0.0666667
1
0.1
1
0.133333
1
0.166667
1
0.2
1
0.233333
1
0.266667
1
0.3
1
0.333333
1
0.366667
1
0.4
1
0.433333
1
0.466667
1
0.5
1
0.533333
1
0.566667
1
0.6
1
0.633333
1
0.666667
1
0.7
1
0.733333
1
0.766667
1
0.8
1
0.833333
1
0.866667
1
0.9
1
0.933333
1
0.966667
1
1
1
1.03333
1
1.06667
1
1.1
1
1.13333
1
1.16667
1
1.2
1
1.23333
1
1.26667
1
1.3
1
1.33333
1
1.36667
1
1.4
1
1.43333
1
1.46667
1
1.5
1
1.53333
1
1.56667
1
1.6
1
1.63333
1
1.66667
1
1.7
1
1.73333
1
1.76667
1
1.8
1
1.83333
1
1.86667
1
1.9
1
1.93333
1
1.96667
1
2
1
2.03333
1
2.06667
1
2.1
1
2.13333
1
2.16667
1
2.2
1
2.23333
1
2.26667
1
2.3
1
2.33333
1
2.36667
1
2.4
1
2.43333
1
2.46667
1
2.5
1
2.53333
1
2.56667
1
2.6
1
2.63333
1
2.66667
1
2.7
1
2.73333
1
2.76667
1
2.8
1
2.83333
1
2.86667
1
2.9
1
2.93333
1
2.96667
1
3
1
3.03333
1
3.06667
1
3.1
1
3.13333
1
3.16667
1
3.2
1
3.23333
1
3.26667
1
3.3
1
3.33333
1
3.36667
1
3.4
1
3.43333
1
3.46667
1
3.5
1
3.53333
1
3.56667
1
3.6
1
3.63333
1
3.66667
1
3.7
1
3.73333
1
3.76667
1
3.8
1
3.83333
1
3.86667
1
3.9
1
3.93333
1
3.96667
1
4
1
4.03333
1
4.06667
1
4.1
1
4.13333
1
4.16667
1
4.2
1
4.23333
1
4.26667
1
4.3
1
4.33333
1
4.36667
1
4.4
1
4.43333
1
4.46667
1
4.5
1
4.53333
1
4.56667
1
4.6
1
4.63333
1
4.66667
1
4.7
1
4.73333
1
4.76667
1
4.8
1
4.83333
1
4.86667
1
4.9
1
4.93333
1
4.96667
1
5
1
5.03333
1
5.06667
1
5.1
1
5.13333
1
5.16667
1
5.2
1
5.23333
1
5.26667
1
5.3
1
5.33333
1
5.36667
1
5.4
1
5.43333
1
5.46667
1
5.5
1
5.53333
2
5.56667
3
5.6
3
5.63333
3
5.66667
3
5.7
3
5.73333
4
5.76667
4
5.8
4
5.83333
4
5.86667
4
5.9
4
5.93333
4
5.96667
4
6
4
6.03333
4
6.06667
4
6.1
4
6.13333
4
6.16667
4
6.2
4
6.23333
4
6.26667
4
6.3
5
6.33333
5
6.36667
6
6.4
6
6.43333
6
6.46667
7
6.5
7
6.53333
7
6.56667
7
6.6
7
6.63333
7
6.66667
7
6.7
7
6.73333
7
6.76667
7
6.8
8
6.83333
8
6.86667
8
6.9
9
6.93333
9
6.96667
10
7
10
7.03333
11
7.06667
12
7.1
12
7.13333
12
7.16667
12
7.2
12
7.23333
12
7.26667
12
7.3
13
7.33333
16
7.36667
16
7.4
16
7.43333
17
7.46667
17
7.5
17
7.53333
18
7.56667
18
7.6
18
7.63333
18
7.66667
18
7.7
18
7.73333
19
7.76667
19
7.8
19
7.83333
19
7.86667
19
7.9
20
7.93333
21
7.96667
21
8
21
8.03333
21
8.06667
21
8.1
21
8.13333
21
8.16667
21
8.2
21
8.23333
23
8.26667
25
8.3
26
8.33333
26
8.36667
26
8.4
26
8.43333
26
8.46667
26
8.5
26
8.53333
26
8.56667
27
8.6
27
8.63333
27
8.66667
27
8.7
27
8.73333
29
8.76667
29
8.8
30
8.83333
30
8.86667
30
8.9
30
8.93333
32
8.96667
32
9
32
9.03333
33
9.06667
33
9.1
34
9.13333
36
9.16667
36
9.2
37
9.23333
37
9.26667
37
9.3
40
9.33333
40
9.36667
41
9.4
41
9.43333
41
9.46667
41
9.5
41
9.53333
41
9.56667
43
9.6
43
9.63333
43
9.66667
46
9.7
46
9.73333
47
9.76667
48
9.8
48
9.83333
48
9.86667
48
9.9
49
9.93333
50
9.96667
52
10
55
10.0333
55
10.0667
55
10.1
56
10.1333
56
10.1667
56
10.2
57
10.2333
57
10.2667
58
10.3
61
10.3333
61
10.3667
65
10.4
67
10.4333
69
10.4667
70
10.5
73
10.5333
74
10.5667
77
10.6
78
10.6333
78
10.6667
78
10.7
78
10.7333
78
10.7667
78
10.8
79
10.8333
79
10.8667
79
10.9
79
10.9333
79
10.9667
80
11
81
11.0333
82
11.0667
83
11.1
86
11.1333
87
11.1667
88
11.2
89
11.2333
90
11.2667
90
11.3
90
11.3333
90
11.3667
90
11.4
90
11.4333
90
11.4667
90
11.5
90
11.5333
91
11.5667
92
11.6
92
11.6333
92
11.6667
92
11.7
92
11.7333
92
11.7667
93
11.8
93
11.8333
93
11.8667
93
11.9
93
11.9333
93
11.9667
93
12
93
12.0333
93
12.0667
93
12.1
93
12.1333
93
12.1667
94
12.2
94
12.2333
94
12.2667
94
12.3
96
12.3333
96
12.3667
96
12.4
96
12.4333
96
12.4667
96
12.5
98
12.5333
99
12.5667
99
12.6
100
12.6333
101
12.6667
103
12.7
103
12.7333
105
12.7667
105
12.8
105
12.8333
105
12.8667
105
12.9
105
12.9333
105
12.9667
105
13
107
13.0333
107
13.0667
107
13.1
107
13.1333
108
13.1667
108
13.2
108
13.2333
108
13.2667
108
13.3
108
13.3333
109
13.3667
109
13.4
109
13.4333
109
13.4667
109
13.5
110
13.5333
110
13.5667
111
13.6
114
13.6333
114
13.6667
114
13.7
114
13.7333
114
13.7667
114
13.8
114
13.8333
115
13.8667
116
13.9
116
13.9333
116
13.9667
116
14
116
14.0333
116
14.0667
117
14.1
117
14.1333
119
14.1667
119
14.2
119
14.2333
119
14.2667
119
14.3
120
14.3333
120
14.3667
120
14.4
120
14.4333
122
14.4667
122
14.5
122
14.5333
123
14.5667
123
14.6
123
14.6333
123
14.6667
124
14.7
125
14.7333
125
14.7667
125
14.8
125
14.8333
126
14.8667
126
14.9
126
14.9333
126
14.9667
126
15
126
15.0333
126
15.0667
126
15.1
126
15.1333
126
15.1667
126
15.2
126
15.2333
126
15.2667
126
15.3
126
15.3333
126
15.3667
127
15.4
128
15.4333
129
15.4667
130
15.5
130
15.5333
130
15.5667
130
15.6
130
15.6333
130
15.6667
130
15.7
130
15.7333
130
15.7667
131
15.8
134
15.8333
134
15.8667
134
15.9
134
15.9333
135
15.9667
136
16
136
16.0333
136
16.0667
136
16.1
137
16.1333
137
16.1667
137
16.2
137
16.2333
137
16.2667
137
16.3
137
16.3333
137
16.3667
137
16.4
137
16.4333
137
16.4667
137
16.5
138
16.5333
138
16.5667
138
16.6
138
16.6333
138
16.6667
138
16.7
139
16.7333
139
16.7667
139
16.8
139
16.8333
139
16.8667
139
16.9
139
16.9333
140
16.9667
140
17
140
17.0333
140
17.0667
140
17.1
140
17.1333
140
17.1667
140
17.2
140
17.2333
140
17.2667
140
17.3
140
17.3333
141
17.3667
141
17.4
141
17.4333
141
17.4667
141
17.5
141
17.5333
141
17.5667
141
17.6
141
17.6333
142
17.6667
143
17.7
144
17.7333
144
17.7667
145
17.8
145
17.8333
145
17.8667
145
17.9
147
17.9333
147
17.9667
148
18
148
18.0333
148
18.0667
149
18.1
151
18.1333
152
18.1667
153
18.2
153
18.2333
154
18.2667
155
18.3
155
18.3333
156
18.3667
157
18.4
158
18.4333
159
18.4667
159
18.5
159
18.5333
160
18.5667
162
18.6
162
18.6333
162
18.6667
162
18.7
162
18.7333
162
18.7667
162
18.8
162
18.8333
163
18.8667
163
18.9
164
18.9333
164
18.9667
164
19
166
19.0333
166
19.0667
166
19.1
166
19.1333
166
19.1667
166
19.2
166
19.2333
166
19.2667
166
19.3
166
19.3333
166
19.3667
166
19.4
166
19.4333
166
19.4667
167
19.5
168
19.5333
169
19.5667
169
19.6
169
19.6333
169
19.6667
169
19.7
169
19.7333
170
19.7667
170
19.8
170
19.8333
170
19.8667
171
19.9
171
19.9333
171
19.9667
171
20
171
20.0333
171
20.0667
171
20.1
171
20.1333
173
20.1667
173
20.2
173
20.2333
173
20.2667
173
20.3
173
20.3333
173
20.3667
173
20.4
173
20.4333
173
20.4667
173
20.5
173
20.5333
173
20.5667
173
20.6
173
20.6333
173
20.6667
173
20.7
173
20.7333
173
20.7667
173
20.8
173
20.8333
173
20.8667
173
20.9
173
20.9333
173
20.9667
173
21
173
21.0333
173
21.0667
173
21.1
173
21.1333
173
21.1667
173
21.2
173
21.2333
173
21.2667
173
21.3
173
21.3333
173
21.3667
173
21.4
173
21.4333
173
21.4667
173
21.5
173
21.5333
173
21.5667
173
21.6
173
21.6333
173
21.6667
173
21.7
173
21.7333
173
21.7667
173
21.8
173
21.8333
173
21.8667
173
21.9
173
21.9333
173
21.9667
173
22
173
22.0333
173
22.0667
173
22.1
174
22.1333
174
22.1667
174
22.2
174
22.2333
174
22.2667
174
22.3
174
22.3333
174
22.3667
174
22.4
174
22.4333
174
22.4667
174
22.5
175
22.5333
175
22.5667
175
22.6
175
22.6333
175
22.6667
175
22.7
175
22.7333
175
22.7667
175
22.8
175
22.8333
175
22.8667
175
22.9
175
22.9333
175
22.9667
175
23
175
23.0333
175
23.0667
176
23.1
176
23.1333
176
23.1667
176
23.2
176
23.2333
176
23.2667
177
23.3
177
23.3333
177
23.3667
177
23.4
177
23.4333
177
23.4667
177
23.5
177
23.5333
177
23.5667
177
23.6
177
23.6333
177
23.6667
177
23.7
177
23.7333
177
23.7667
177
23.8
177
23.8333
177
23.8667
177
23.9
177
23.9333
177
23.9667
177
24
177
24.0333
177
24.0667
177
24.1
177
24.1333
177
24.1667
177
24.2
177
24.2333
177
24.2667
177
24.3
177
24.3333
177
24.3667
177
24.4
177
24.4333
177
24.4667
177
24.5
177
24.5333
178
24.5667
178
24.6
178
24.6333
178
24.6667
178
24.7
178
24.7333
178
24.7667
178
24.8
178
24.8333
178
24.8667
178
24.9
178
24.9333
178
24.9667
178
25
178
25.0333
178
25.0667
178
25.1
178
25.1333
178
25.1667
178
25.2
178
25.2333
178
25.2667
178
25.3
178
25.3333
178
25.3667
178
25.4
179
25.4333
180
25.4667
180
25.5
181
25.5333
182
25.5667
182
25.6
182
25.6333
182
25.6667
182
25.7
182
25.7333
182
25.7667
182
25.8
182
25.8333
182
25.8667
182
25.9
182
25.9333
182
25.9667
183
26
184
26.0333
184
26.0667
184
26.1
185
26.1333
185
26.1667
185
26.2
185
26.2333
185
26.2667
185
26.3
185
26.3333
185
26.3667
185
26.4
185
26.4333
185
26.4667
185
26.5
185
26.5333
185
26.5667
185
26.6
185
26.6333
186
26.6667
186
26.7
186
26.7333
186
26.7667
186
26.8
186
26.8333
186
26.8667
186
26.9
186
26.9333
186
26.9667
186
27
186
27.0333
186
27.0667
186
27.1
186
27.1333
186
27.1667
186
27.2
186
27.2333
186
27.2667
186
27.3
186
27.3333
186
27.3667
186
27.4
187
27.4333
187
27.4667
187
27.5
187
27.5333
187
27.5667
187
27.6
187
27.6333
187
27.6667
188
27.7
188
27.7333
188
27.7667
188
27.8
188
27.8333
188
27.8667
188
27.9
188
27.9333
188
27.9667
188
28
188
28.0333
188
28.0667
188
28.1
189
28.1333
189
28.1667
189
28.2
189
28.2333
189
28.2667
189
28.3
189
28.3333
189
28.3667
189
28.4
190
28.4333
190
28.4667
190
28.5
190
28.5333
190
28.5667
190
28.6
190
28.6333
190
28.6667
191
28.7
191
28.7333
191
28.7667
191
28.8
191
28.8333
191
28.8667
191
28.9
191
28.9333
191
28.9667
191
29
191
29.0333
191
29.0667
191
29.1
192
29.1333
192
29.1667
192
29.2
192
29.2333
192
29.2667
192
29.3
192
29.3333
192
29.3667
192
29.4
192
29.4333
192
29.4667
192
29.5
192
29.5333
192
29.5667
193
29.6
193
29.6333
193
29.6667
193
29.7
193
29.7333
193
29.7667
193
29.8
193
29.8333
193
29.8667
193
29.9
193
29.9333
193
29.9667
193
30
193
30.0333
193
30.0667
193
30.1
193
30.1333
193
30.1667
193
30.2
193
30.2333
193
30.2667
193
30.3
193
30.3333
193
30.3667
193
30.4
193
30.4333
193
30.4667
193
30.5
193
30.5333
193
30.5667
193
30.6
193
30.6333
193
30.6667
193
30.7
193
30.7333
193
30.7667
193
30.8
193
30.8333
193
30.8667
194
30.9
194
30.9333
194
30.9667
194
31
194
31.0333
194
31.0667
194
31.1
194
31.1333
194
31.1667
194
31.2
194
31.2333
194
31.2667
194
31.3
194
31.3333
194
31.3667
194
31.4
194
31.4333
194
31.4667
194
31.5
194
31.5333
194
31.5667
194
31.6
195
31.6333
195
31.6667
195
31.7
195
31.7333
196
31.7667
196
31.8
196
31.8333
196
31.8667
196
31.9
196
31.9333
196
31.9667
196
32
196
32.0333
196
32.0667
196
32.1
196
32.1333
196
32.1667
197
32.2
197
32.2333
197
32.2667
197
32.3
197
32.3333
197
32.3667
197
32.4
197
32.4333
197
32.4667
197
32.5
197
32.5333
197
32.5667
197
32.6
197
32.6333
197
32.6667
197
32.7
198
32.7333
198
32.7667
198
32.8
198
32.8333
198
32.8667
198
32.9
198
32.9333
198
32.9667
198
33
198
33.0333
199
33.0667
199
33.1
199
33.1333
199
33.1667
199
33.2
199
33.2333
199
33.2667
199
33.3
199
33.3333
199
33.3667
199
33.4
199
33.4333
199
33.4667
199
33.5
199
33.5333
199
33.5667
199
33.6
199
33.6333
199
33.6667
199
33.7
199
33.7333
199
33.7667
199
33.8
199
33.8333
199
33.8667
199
33.9
199
33.9333
199
33.9667
199
34
199
34.0333
199
34.0667
199
34.1
199
34.1333
199
34.1667
199
34.2
199
34.2333
199
34.2667
199
34.3
199
34.3333
199
34.3667
199
34.4
199
34.4333
200
34.4667
200
34.5
200
34.5333
200
34.5667
200
34.6
200
34.6333
200
34.6667
200
34.7
201
34.7333
201
34.7667
201
34.8
201
34.8333
201
34.8667
201
34.9
201
34.9333
201
34.9667
201
35
201
35.0333
201
35.0667
201
35.1
201
35.1333
201
35.1667
201
35.2
201
35.2333
201
35.2667
201
35.3
201
35.3333
201
35.3667
201
35.4
201
35.4333
201
35.4667
201
35.5
201
35.5333
201
35.5667
201
35.6
201
35.6333
201
35.6667
201
35.7
201
35.7333
201
35.7667
201
35.8
201
35.8333
201
35.8667
201
35.9
201
35.9333
201
35.9667
201
36
201
36.0333
201
36.0667
201
36.1
201
36.1333
201
36.1667
201
36.2
201
36.2333
201
36.2667
201
36.3
201
36.3333
201
36.3667
201
36.4
201
36.4333
201
36.4667
201
36.5
201
36.5333
201
36.5667
201
36.6
201
36.6333
201
36.6667
201
