0
1
0.0333333
1
0.0666667
1
0.1
1
0.133333
1
0.166667
1
0.2
1
0.233333
1
0.266667
1
0.3
1
0.333333
1
0.366667
1
0.4
1
0.433333
1
0.466667
1
0.5
1
0.533333
1
0.566667
1
0.6
1
0.633333
1
0.666667
1
0.7
1
0.733333
1
0.766667
1
0.8
1
0.833333
1
0.866667
1
0.9
1
0.933333
1
0.966667
1
1
1
1.03333
1
1.06667
1
1.1
1
1.13333
1
1.16667
1
1.2
1
1.23333
1
1.26667
1
1.3
1
1.33333
1
1.36667
1
1.4
1
1.43333
1
1.46667
1
1.5
1
1.53333
1
1.56667
1
1.6
1
1.63333
1
1.66667
1
1.7
1
1.73333
1
1.76667
1
1.8
1
1.83333
1
1.86667
1
1.9
1
1.93333
1
1.96667
1
2
1
2.03333
1
2.06667
1
2.1
1
2.13333
1
2.16667
1
2.2
1
2.23333
1
2.26667
1
2.3
1
2.33333
1
2.36667
1
2.4
1
2.43333
1
2.46667
1
2.5
1
2.53333
1
2.56667
1
2.6
1
2.63333
1
2.66667
1
2.7
1
2.73333
1
2.76667
1
2.8
1
2.83333
1
2.86667
1
2.9
1
2.93333
1
2.96667
1
3
1
3.03333
1
3.06667
1
3.1
1
3.13333
1
3.16667
1
3.2
1
3.23333
1
3.26667
1
3.3
1
3.33333
1
3.36667
1
3.4
1
3.43333
1
3.46667
1
3.5
1
3.53333
1
3.56667
1
3.6
1
3.63333
1
3.66667
1
3.7
1
3.73333
1
3.76667
1
3.8
1
3.83333
1
3.86667
1
3.9
1
3.93333
1
3.96667
1
4
1
4.03333
1
4.06667
1
4.1
1
4.13333
1
4.16667
1
4.2
1
4.23333
1
4.26667
1
4.3
1
4.33333
1
4.36667
1
4.4
1
4.43333
1
4.46667
1
4.5
1
4.53333
1
4.56667
1
4.6
1
4.63333
1
4.66667
1
4.7
1
4.73333
1
4.76667
1
4.8
1
4.83333
1
4.86667
1
4.9
1
4.93333
1
4.96667
1
5
1
5.03333
1
5.06667
1
5.1
1
5.13333
1
5.16667
1
5.2
1
5.23333
1
5.26667
1
5.3
1
5.33333
1
5.36667
1
5.4
1
5.43333
1
5.46667
1
5.5
1
5.53333
1
5.56667
1
5.6
1
5.63333
1
5.66667
1
5.7
1
5.73333
1
5.76667
1
5.8
1
5.83333
1
5.86667
1
5.9
1
5.93333
1
5.96667
1
6
1
6.03333
1
6.06667
1
6.1
1
6.13333
1
6.16667
1
6.2
1
6.23333
1
6.26667
1
6.3
2
6.33333
2
6.36667
3
6.4
3
6.43333
3
6.46667
5
6.5
5
6.53333
5
6.56667
5
6.6
6
6.63333
7
6.66667
7
6.7
8
6.73333
8
6.76667
9
6.8
9
6.83333
10
6.86667
11
6.9
11
6.93333
12
6.96667
13
7
14
7.03333
15
7.06667
15
7.1
15
7.13333
15
7.16667
15
7.2
15
7.23333
16
7.26667
16
7.3
17
7.33333
17
7.36667
17
7.4
17
7.43333
18
7.46667
18
7.5
18
7.53333
18
7.56667
19
7.6
20
7.63333
21
7.66667
21
7.7
21
7.73333
21
7.76667
21
7.8
21
7.83333
21
7.86667
21
7.9
21
7.93333
21
7.96667
21
8
21
8.03333
21
8.06667
21
8.1
21
8.13333
21
8.16667
21
8.2
21
8.23333
21
8.26667
21
8.3
22
8.33333
22
8.36667
22
8.4
23
8.43333
23
8.46667
23
8.5
23
8.53333
23
8.56667
23
8.6
23
8.63333
23
8.66667
23
8.7
23
8.73333
23
8.76667
24
8.8
24
8.83333
24
8.86667
24
8.9
24
8.93333
24
8.96667
24
9
24
9.03333
25
9.06667
25
9.1
25
9.13333
25
9.16667
25
9.2
25
9.23333
25
9.26667
25
9.3
25
9.33333
25
9.36667
25
9.4
25
9.43333
25
9.46667
25
9.5
25
9.53333
25
9.56667
25
9.6
25
9.63333
26
9.66667
26
9.7
26
9.73333
26
9.76667
26
9.8
26
9.83333
26
9.86667
26
9.9
26
9.93333
26
9.96667
26
10
26
10.0333
27
10.0667
28
10.1
28
10.1333
28
10.1667
31
10.2
31
10.2333
31
10.2667
31
10.3
31
10.3333
31
10.3667
32
10.4
33
10.4333
34
10.4667
36
10.5
36
10.5333
36
10.5667
36
10.6
37
10.6333
38
10.6667
38
10.7
38
10.7333
38
10.7667
38
10.8
38
10.8333
38
10.8667
38
10.9
39
10.9333
39
10.9667
40
11
41
11.0333
42
11.0667
42
11.1
42
11.1333
42
11.1667
43
11.2
43
11.2333
43
11.2667
44
11.3
44
11.3333
44
11.3667
44
11.4
44
11.4333
45
11.4667
45
11.5
45
11.5333
45
11.5667
45
11.6
45
11.6333
46
11.6667
46
11.7
46
11.7333
47
11.7667
47
11.8
47
11.8333
48
11.8667
48
11.9
48
11.9333
49
11.9667
49
12
49
12.0333
49
12.0667
49
12.1
50
12.1333
50
12.1667
50
12.2
50
12.2333
50
12.2667
50
12.3
50
12.3333
50
12.3667
50
12.4
50
12.4333
50
12.4667
51
12.5
51
12.5333
51
12.5667
51
12.6
51
12.6333
51
12.6667
51
12.7
51
12.7333
51
12.7667
51
12.8
51
12.8333
51
12.8667
51
12.9
51
12.9333
51
12.9667
51
13
51
13.0333
51
13.0667
51
13.1
51
13.1333
52
13.1667
52
13.2
52
13.2333
52
13.2667
52
13.3
52
13.3333
52
13.3667
52
13.4
52
13.4333
52
13.4667
52
13.5
52
13.5333
52
13.5667
52
13.6
52
13.6333
52
13.6667
52
13.7
52
13.7333
52
13.7667
52
13.8
52
13.8333
52
13.8667
52
13.9
52
13.9333
52
13.9667
52
14
52
14.0333
52
14.0667
52
14.1
52
14.1333
52
14.1667
53
14.2
53
14.2333
53
14.2667
53
14.3
53
14.3333
53
14.3667
53
14.4
54
14.4333
54
14.4667
54
14.5
54
14.5333
54
14.5667
54
14.6
54
14.6333
54
14.6667
54
14.7
54
14.7333
54
14.7667
54
14.8
54
14.8333
54
14.8667
54
14.9
54
14.9333
54
14.9667
54
15
54
15.0333
54
15.0667
54
15.1
54
15.1333
54
15.1667
54
15.2
54
15.2333
54
15.2667
54
15.3
54
15.3333
54
15.3667
54
15.4
54
15.4333
54
15.4667
54
15.5
54
15.5333
54
15.5667
54
15.6
54
15.6333
54
15.6667
54
15.7
54
15.7333
54
15.7667
54
15.8
54
15.8333
54
15.8667
54
15.9
54
15.9333
54
15.9667
54
16
54
16.0333
54
16.0667
54
16.1
54
16.1333
54
16.1667
54
16.2
54
16.2333
54
16.2667
54
16.3
54
16.3333
54
16.3667
54
16.4
54
16.4333
54
16.4667
54
16.5
54
16.5333
54
16.5667
54
16.6
54
16.6333
54
16.6667
54
16.7
54
16.7333
54
16.7667
54
16.8
54
16.8333
54
16.8667
54
16.9
54
16.9333
54
16.9667
54
17
54
17.0333
54
17.0667
54
17.1
54
17.1333
54
17.1667
54
17.2
54
17.2333
54
17.2667
54
17.3
54
17.3333
54
17.3667
54
17.4
54
17.4333
54
17.4667
54
17.5
54
17.5333
54
17.5667
54
17.6
54
17.6333
54
17.6667
54
17.7
54
17.7333
54
17.7667
54
17.8
54
17.8333
54
17.8667
54
17.9
54
17.9333
54
17.9667
54
18
54
18.0333
54
18.0667
54
18.1
54
18.1333
54
18.1667
54
18.2
54
18.2333
54
18.2667
54
18.3
54
18.3333
54
18.3667
54
18.4
54
18.4333
54
18.4667
54
18.5
54
18.5333
54
18.5667
54
18.6
54
18.6333
54
18.6667
54
18.7
54
18.7333
54
18.7667
54
18.8
54
18.8333
54
18.8667
54
18.9
54
18.9333
54
18.9667
54
19
54
19.0333
54
19.0667
54
19.1
54
19.1333
54
19.1667
54
19.2
54
19.2333
54
19.2667
54
19.3
54
19.3333
54
19.3667
55
19.4
55
19.4333
55
19.4667
55
19.5
55
19.5333
56
19.5667
56
19.6
56
19.6333
56
19.6667
56
19.7
56
19.7333
56
19.7667
57
19.8
57
19.8333
57
19.8667
57
19.9
57
19.9333
57
19.9667
57
20
57
