0
1
0.0333333
1
0.0666667
1
0.1
1
0.133333
1
0.166667
1
0.2
1
0.233333
1
0.266667
1
0.3
1
0.333333
1
0.366667
1
0.4
1
0.433333
1
0.466667
1
0.5
1
0.533333
1
0.566667
1
0.6
1
0.633333
1
0.666667
1
0.7
1
0.733333
1
0.766667
1
0.8
1
0.833333
1
0.866667
1
0.9
1
0.933333
1
0.966667
1
1
1
1.03333
1
1.06667
1
1.1
1
1.13333
1
1.16667
1
1.2
1
1.23333
1
1.26667
1
1.3
1
1.33333
1
1.36667
1
1.4
1
1.43333
1
1.46667
1
1.5
1
1.53333
1
1.56667
1
1.6
1
1.63333
1
1.66667
1
1.7
1
1.73333
1
1.76667
1
1.8
1
1.83333
1
1.86667
1
1.9
1
1.93333
1
1.96667
1
2
1
2.03333
1
2.06667
1
2.1
1
2.13333
1
2.16667
1
2.2
1
2.23333
1
2.26667
1
2.3
1
2.33333
1
2.36667
1
2.4
1
2.43333
1
2.46667
1
2.5
1
2.53333
1
2.56667
1
2.6
1
2.63333
1
2.66667
1
2.7
1
2.73333
1
2.76667
1
2.8
1
2.83333
1
2.86667
1
2.9
1
2.93333
1
2.96667
1
3
1
3.03333
1
3.06667
1
3.1
1
3.13333
1
3.16667
1
3.2
1
3.23333
1
3.26667
1
3.3
1
3.33333
1
3.36667
1
3.4
1
3.43333
1
3.46667
1
3.5
1
3.53333
1
3.56667
1
3.6
1
3.63333
1
3.66667
1
3.7
1
3.73333
1
3.76667
1
3.8
1
3.83333
1
3.86667
1
3.9
1
3.93333
1
3.96667
1
4
1
4.03333
1
4.06667
1
4.1
1
4.13333
1
4.16667
1
4.2
1
4.23333
1
4.26667
1
4.3
1
4.33333
1
4.36667
1
4.4
1
4.43333
1
4.46667
1
4.5
1
4.53333
1
4.56667
1
4.6
1
4.63333
1
4.66667
1
4.7
1
4.73333
1
4.76667
1
4.8
1
4.83333
1
4.86667
1
4.9
1
4.93333
1
4.96667
1
5
1
5.03333
1
5.06667
1
5.1
1
5.13333
1
5.16667
1
5.2
1
5.23333
1
5.26667
1
5.3
2
5.33333
2
5.36667
3
5.4
3
5.43333
3
5.46667
3
5.5
3
5.53333
3
5.56667
3
5.6
3
5.63333
3
5.66667
3
5.7
3
5.73333
3
5.76667
3
5.8
3
5.83333
3
5.86667
3
5.9
5
5.93333
5
5.96667
5
6
5
6.03333
6
6.06667
7
6.1
8
6.13333
9
6.16667
9
6.2
10
6.23333
11
6.26667
11
6.3
11
6.33333
11
6.36667
12
6.4
12
6.43333
13
6.46667
13
6.5
13
6.53333
13
6.56667
13
6.6
13
6.63333
13
6.66667
15
6.7
15
6.73333
15
6.76667
15
6.8
17
6.83333
17
6.86667
18
6.9
19
6.93333
20
6.96667
22
7
24
7.03333
24
7.06667
26
7.1
27
7.13333
28
7.16667
30
7.2
32
7.23333
32
7.26667
33
7.3
34
7.33333
35
7.36667
35
7.4
36
7.43333
38
7.46667
39
7.5
40
7.53333
40
7.56667
41
7.6
42
7.63333
44
7.66667
45
7.7
46
7.73333
47
7.76667
49
7.8
52
7.83333
56
7.86667
59
7.9
62
7.93333
62
7.96667
64
8
67
8.03333
71
8.06667
74
8.1
74
8.13333
76
8.16667
78
8.2
81
8.23333
83
8.26667
84
8.3
86
8.33333
88
8.36667
90
8.4
92
8.43333
95
8.46667
96
8.5
97
8.53333
98
8.56667
100
8.6
104
8.63333
104
8.66667
105
8.7
107
8.73333
109
8.76667
111
8.8
115
8.83333
117
8.86667
118
8.9
118
8.93333
118
8.96667
118
9
120
9.03333
122
9.06667
126
9.1
130
9.13333
130
9.16667
130
9.2
133
9.23333
133
9.26667
133
9.3
133
9.33333
134
9.36667
135
9.4
135
9.43333
137
9.46667
139
9.5
142
9.53333
144
9.56667
144
9.6
146
9.63333
148
9.66667
151
9.7
153
9.73333
154
9.76667
154
9.8
154
9.83333
156
9.86667
158
9.9
161
9.93333
161
9.96667
164
10
164
10.0333
164
10.0667
164
10.1
166
10.1333
166
10.1667
166
10.2
168
10.2333
168
10.2667
168
10.3
170
10.3333
171
10.3667
172
10.4
174
10.4333
176
10.4667
179
10.5
180
10.5333
181
10.5667
183
10.6
184
10.6333
184
10.6667
186
10.7
188
10.7333
188
10.7667
189
10.8
189
10.8333
190
10.8667
190
10.9
192
10.9333
192
10.9667
194
11
196
11.0333
199
11.0667
200
11.1
200
11.1333
203
11.1667
205
11.2
210
11.2333
214
11.2667
220
11.3
222
11.3333
222
11.3667
226
11.4
227
11.4333
232
11.4667
234
11.5
241
11.5333
243
11.5667
248
11.6
252
11.6333
254
11.6667
256
11.7
260
11.7333
264
11.7667
267
11.8
270
11.8333
274
11.8667
276
11.9
277
11.9333
278
11.9667
282
12
285
12.0333
285
12.0667
287
12.1
289
12.1333
290
12.1667
293
12.2
293
12.2333
295
12.2667
296
12.3
298
12.3333
298
12.3667
299
12.4
299
12.4333
299
12.4667
300
12.5
301
12.5333
301
12.5667
301
12.6
301
12.6333
302
12.6667
302
12.7
302
12.7333
302
12.7667
303
12.8
304
12.8333
304
12.8667
304
12.9
305
12.9333
305
12.9667
305
13
306
13.0333
307
13.0667
307
13.1
307
13.1333
307
13.1667
307
13.2
307
13.2333
307
13.2667
307
13.3
308
13.3333
309
13.3667
310
13.4
312
13.4333
312
13.4667
313
13.5
313
13.5333
313
13.5667
313
13.6
315
13.6333
315
13.6667
316
13.7
317
13.7333
317
13.7667
318
13.8
318
13.8333
318
13.8667
318
13.9
318
13.9333
318
13.9667
319
14
319
14.0333
321
14.0667
321
14.1
321
14.1333
322
14.1667
322
14.2
322
14.2333
323
14.2667
323
14.3
323
14.3333
323
14.3667
324
14.4
324
14.4333
325
14.4667
325
14.5
325
14.5333
325
14.5667
326
14.6
327
14.6333
328
14.6667
328
14.7
328
14.7333
328
14.7667
328
14.8
328
14.8333
328
14.8667
328
14.9
328
14.9333
329
14.9667
329
15
330
15.0333
330
15.0667
330
15.1
331
15.1333
332
15.1667
332
15.2
332
15.2333
333
15.2667
333
15.3
333
15.3333
333
15.3667
334
15.4
334
15.4333
335
15.4667
335
15.5
335
15.5333
336
15.5667
336
15.6
336
15.6333
336
15.6667
336
15.7
336
15.7333
336
15.7667
336
15.8
336
15.8333
336
15.8667
336
15.9
336
15.9333
336
15.9667
337
16
338
16.0333
339
16.0667
340
16.1
340
16.1333
340
16.1667
340
16.2
342
16.2333
342
16.2667
342
16.3
343
16.3333
343
16.3667
346
16.4
346
16.4333
347
16.4667
347
16.5
348
16.5333
348
16.5667
348
16.6
348
16.6333
348
16.6667
348
16.7
348
16.7333
348
16.7667
349
16.8
349
16.8333
350
16.8667
350
16.9
351
16.9333
351
16.9667
351
17
351
17.0333
352
17.0667
352
17.1
353
17.1333
353
17.1667
353
17.2
353
17.2333
354
17.2667
354
17.3
354
17.3333
355
17.3667
355
17.4
355
17.4333
356
17.4667
356
17.5
357
17.5333
357
17.5667
359
17.6
359
17.6333
359
17.6667
359
17.7
361
17.7333
363
17.7667
363
17.8
364
17.8333
365
17.8667
366
17.9
366
17.9333
367
17.9667
369
18
369
18.0333
369
18.0667
371
18.1
372
18.1333
372
18.1667
373
18.2
374
18.2333
375
18.2667
375
18.3
375
18.3333
375
18.3667
376
18.4
376
18.4333
376
18.4667
376
18.5
376
18.5333
376
18.5667
378
18.6
380
18.6333
382
18.6667
382
18.7
382
18.7333
382
18.7667
382
18.8
382
18.8333
382
18.8667
382
18.9
382
18.9333
383
18.9667
383
19
383
19.0333
384
19.0667
385
19.1
386
19.1333
388
19.1667
389
19.2
389
19.2333
389
19.2667
389
19.3
389
19.3333
389
19.3667
390
19.4
390
19.4333
391
19.4667
391
19.5
392
19.5333
392
19.5667
392
19.6
392
19.6333
392
19.6667
392
19.7
393
19.7333
395
19.7667
395
19.8
395
19.8333
395
19.8667
395
19.9
396
19.9333
396
19.9667
396
20
396
