0
1
0.0333333
1
0.0666667
1
0.1
1
0.133333
1
0.166667
1
0.2
1
0.233333
1
0.266667
1
0.3
1
0.333333
1
0.366667
1
0.4
1
0.433333
1
0.466667
1
0.5
1
0.533333
1
0.566667
1
0.6
1
0.633333
1
0.666667
1
0.7
1
0.733333
1
0.766667
1
0.8
1
0.833333
1
0.866667
1
0.9
1
0.933333
1
0.966667
1
1
1
1.03333
1
1.06667
1
1.1
1
1.13333
1
1.16667
1
1.2
1
1.23333
1
1.26667
1
1.3
1
1.33333
1
1.36667
1
1.4
1
1.43333
1
1.46667
1
1.5
1
1.53333
1
1.56667
1
1.6
1
1.63333
1
1.66667
1
1.7
1
1.73333
1
1.76667
1
1.8
1
1.83333
1
1.86667
1
1.9
1
1.93333
1
1.96667
1
2
1
2.03333
1
2.06667
1
2.1
1
2.13333
1
2.16667
1
2.2
1
2.23333
1
2.26667
1
2.3
1
2.33333
1
2.36667
1
2.4
1
2.43333
1
2.46667
1
2.5
1
2.53333
1
2.56667
1
2.6
1
2.63333
1
2.66667
1
2.7
1
2.73333
1
2.76667
1
2.8
1
2.83333
1
2.86667
1
2.9
1
2.93333
1
2.96667
1
3
1
3.03333
1
3.06667
1
3.1
1
3.13333
1
3.16667
1
3.2
1
3.23333
1
3.26667
1
3.3
1
3.33333
1
3.36667
1
3.4
1
3.43333
1
3.46667
1
3.5
1
3.53333
1
3.56667
1
3.6
1
3.63333
1
3.66667
1
3.7
1
3.73333
1
3.76667
1
3.8
1
3.83333
1
3.86667
1
3.9
1
3.93333
1
3.96667
1
4
1
4.03333
1
4.06667
1
4.1
1
4.13333
1
4.16667
1
4.2
1
4.23333
1
4.26667
1
4.3
1
4.33333
1
4.36667
1
4.4
1
4.43333
1
4.46667
1
4.5
1
4.53333
1
4.56667
1
4.6
1
4.63333
1
4.66667
1
4.7
1
4.73333
1
4.76667
1
4.8
1
4.83333
1
4.86667
1
4.9
1
4.93333
1
4.96667
1
5
1
5.03333
1
5.06667
1
5.1
1
5.13333
1
5.16667
1
5.2
1
5.23333
1
5.26667
1
5.3
1
5.33333
1
5.36667
1
5.4
1
5.43333
1
5.46667
1
5.5
1
5.53333
1
5.56667
1
5.6
1
5.63333
2
5.66667
2
5.7
3
5.73333
3
5.76667
4
5.8
4
5.83333
5
5.86667
5
5.9
5
5.93333
5
5.96667
6
6
8
6.03333
8
6.06667
9
6.1
10
6.13333
12
6.16667
13
6.2
13
6.23333
14
6.26667
14
6.3
17
6.33333
17
6.36667
17
6.4
19
6.43333
21
6.46667
22
6.5
24
6.53333
25
6.56667
25
6.6
27
6.63333
28
6.66667
28
6.7
29
6.73333
29
6.76667
32
6.8
32
6.83333
32
6.86667
35
6.9
36
6.93333
38
6.96667
39
7
42
7.03333
43
7.06667
45
7.1
45
7.13333
47
7.16667
49
7.2
50
7.23333
52
7.26667
53
7.3
56
7.33333
59
7.36667
60
7.4
63
7.43333
64
7.46667
66
7.5
68
7.53333
71
7.56667
72
7.6
74
7.63333
77
7.66667
79
7.7
80
7.73333
81
7.76667
83
7.8
85
7.83333
86
7.86667
87
7.9
87
7.93333
87
7.96667
88
8
89
8.03333
89
8.06667
92
8.1
92
8.13333
92
8.16667
93
8.2
95
8.23333
96
8.26667
96
8.3
96
8.33333
98
8.36667
99
8.4
99
8.43333
100
8.46667
101
8.5
105
8.53333
107
8.56667
109
8.6
112
8.63333
113
8.66667
115
8.7
116
8.73333
118
8.76667
123
8.8
126
8.83333
127
8.86667
132
8.9
134
8.93333
137
8.96667
138
9
142
9.03333
146
9.06667
148
9.1
150
9.13333
153
9.16667
154
9.2
156
9.23333
159
9.26667
161
9.3
163
9.33333
163
9.36667
167
9.4
167
9.43333
170
9.46667
174
9.5
176
9.53333
178
9.56667
178
9.6
180
9.63333
182
9.66667
183
9.7
189
9.73333
193
9.76667
200
9.8
204
9.83333
204
9.86667
206
9.9
209
9.93333
212
9.96667
215
10
218
10.0333
221
10.0667
225
10.1
227
10.1333
232
10.1667
238
10.2
240
10.2333
243
10.2667
248
10.3
252
10.3333
257
10.3667
258
10.4
259
10.4333
261
10.4667
262
10.5
263
10.5333
264
10.5667
266
10.6
271
10.6333
274
10.6667
277
10.7
280
10.7333
282
10.7667
283
10.8
284
10.8333
287
10.8667
289
10.9
290
10.9333
291
10.9667
292
11
293
11.0333
295
11.0667
296
11.1
297
11.1333
299
11.1667
302
11.2
303
11.2333
303
11.2667
304
11.3
307
11.3333
308
11.3667
308
11.4
311
11.4333
313
11.4667
313
11.5
315
11.5333
316
11.5667
317
11.6
321
11.6333
325
11.6667
329
11.7
331
11.7333
332
11.7667
334
11.8
334
11.8333
335
11.8667
336
11.9
336
11.9333
336
11.9667
338
12
340
12.0333
340
12.0667
341
12.1
341
12.1333
342
12.1667
343
12.2
343
12.2333
345
12.2667
348
12.3
348
12.3333
348
12.3667
349
12.4
349
12.4333
350
12.4667
351
12.5
352
12.5333
352
12.5667
353
12.6
353
12.6333
354
12.6667
354
12.7
354
12.7333
355
12.7667
356
12.8
359
12.8333
359
12.8667
360
12.9
360
12.9333
363
12.9667
363
13
363
13.0333
363
13.0667
364
13.1
367
13.1333
368
13.1667
369
13.2
371
13.2333
374
13.2667
376
13.3
377
13.3333
378
13.3667
379
13.4
380
13.4333
380
13.4667
381
13.5
382
13.5333
384
13.5667
385
13.6
386
13.6333
388
13.6667
390
13.7
392
13.7333
394
13.7667
394
13.8
398
13.8333
399
13.8667
401
13.9
403
13.9333
407
13.9667
407
14
407
14.0333
409
14.0667
411
14.1
413
14.1333
413
14.1667
413
14.2
415
14.2333
416
14.2667
416
14.3
417
14.3333
418
14.3667
419
14.4
420
14.4333
423
14.4667
425
14.5
427
14.5333
427
14.5667
430
14.6
431
14.6333
434
14.6667
436
14.7
436
14.7333
436
14.7667
437
14.8
438
14.8333
440
14.8667
442
14.9
442
14.9333
442
14.9667
444
15
444
15.0333
444
15.0667
445
15.1
446
15.1333
448
15.1667
448
15.2
449
15.2333
449
15.2667
449
15.3
450
15.3333
451
15.3667
451
15.4
451
15.4333
451
15.4667
453
15.5
454
15.5333
457
15.5667
458
15.6
458
15.6333
461
15.6667
462
15.7
463
15.7333
465
15.7667
467
15.8
468
15.8333
468
15.8667
468
15.9
471
15.9333
471
15.9667
471
16
471
16.0333
474
16.0667
476
16.1
478
16.1333
480
16.1667
481
16.2
482
16.2333
483
16.2667
487
16.3
488
16.3333
491
16.3667
491
16.4
492
16.4333
493
16.4667
493
16.5
495
16.5333
496
16.5667
496
16.6
497
16.6333
497
16.6667
499
16.7
499
16.7333
500
16.7667
500
16.8
500
16.8333
502
16.8667
502
16.9
503
16.9333
503
16.9667
503
17
504
17.0333
505
17.0667
506
17.1
506
17.1333
506
17.1667
509
17.2
509
17.2333
509
17.2667
510
17.3
510
17.3333
510
17.3667
511
17.4
511
17.4333
511
17.4667
512
17.5
512
17.5333
515
17.5667
520
17.6
522
17.6333
522
17.6667
522
17.7
523
17.7333
524
17.7667
527
17.8
528
17.8333
528
17.8667
529
17.9
530
17.9333
532
17.9667
533
18
533
18.0333
534
18.0667
535
18.1
536
18.1333
536
18.1667
537
18.2
537
18.2333
538
18.2667
538
18.3
539
18.3333
542
18.3667
543
18.4
543
18.4333
543
18.4667
543
18.5
543
18.5333
543
18.5667
544
18.6
545
18.6333
547
18.6667
548
18.7
548
18.7333
548
18.7667
549
18.8
550
18.8333
551
18.8667
552
18.9
552
18.9333
552
18.9667
552
19
554
19.0333
555
19.0667
556
19.1
557
19.1333
557
19.1667
557
19.2
557
19.2333
557
19.2667
557
19.3
558
19.3333
558
19.3667
558
19.4
558
19.4333
559
19.4667
562
19.5
562
19.5333
562
19.5667
564
19.6
564
19.6333
564
19.6667
564
19.7
565
19.7333
565
19.7667
566
19.8
566
19.8333
566
19.8667
568
19.9
568
19.9333
569
19.9667
570
20
573
