0
1
0.0333333
1
0.0666667
1
0.1
1
0.133333
1
0.166667
1
0.2
1
0.233333
1
0.266667
1
0.3
1
0.333333
1
0.366667
1
0.4
1
0.433333
1
0.466667
1
0.5
1
0.533333
1
0.566667
1
0.6
1
0.633333
1
0.666667
1
0.7
1
0.733333
1
0.766667
1
0.8
1
0.833333
1
0.866667
1
0.9
1
0.933333
1
0.966667
1
1
1
1.03333
1
1.06667
1
1.1
1
1.13333
1
1.16667
1
1.2
1
1.23333
1
1.26667
1
1.3
1
1.33333
1
1.36667
1
1.4
1
1.43333
1
1.46667
1
1.5
1
1.53333
1
1.56667
1
1.6
1
1.63333
1
1.66667
1
1.7
1
1.73333
1
1.76667
1
1.8
1
1.83333
1
1.86667
1
1.9
1
1.93333
1
1.96667
1
2
1
2.03333
1
2.06667
1
2.1
1
2.13333
1
2.16667
1
2.2
1
2.23333
1
2.26667
1
2.3
1
2.33333
1
2.36667
1
2.4
1
2.43333
1
2.46667
1
2.5
1
2.53333
1
2.56667
1
2.6
1
2.63333
1
2.66667
1
2.7
1
2.73333
1
2.76667
1
2.8
1
2.83333
1
2.86667
1
2.9
1
2.93333
1
2.96667
1
3
1
3.03333
1
3.06667
1
3.1
1
3.13333
1
3.16667
1
3.2
1
3.23333
1
3.26667
1
3.3
1
3.33333
1
3.36667
1
3.4
1
3.43333
1
3.46667
1
3.5
1
3.53333
1
3.56667
1
3.6
1
3.63333
1
3.66667
1
3.7
1
3.73333
1
3.76667
1
3.8
1
3.83333
1
3.86667
1
3.9
1
3.93333
1
3.96667
1
4
1
4.03333
1
4.06667
1
4.1
1
4.13333
1
4.16667
1
4.2
1
4.23333
1
4.26667
1
4.3
1
4.33333
1
4.36667
1
4.4
1
4.43333
1
4.46667
1
4.5
1
4.53333
1
4.56667
1
4.6
1
4.63333
1
4.66667
1
4.7
1
4.73333
1
4.76667
1
4.8
1
4.83333
1
4.86667
1
4.9
1
4.93333
1
4.96667
1
5
1
5.03333
1
5.06667
1
5.1
1
5.13333
1
5.16667
1
5.2
1
5.23333
1
5.26667
1
5.3
1
5.33333
2
5.36667
3
5.4
4
5.43333
4
5.46667
6
5.5
6
5.53333
6
5.56667
6
5.6
6
5.63333
6
5.66667
7
5.7
7
5.73333
8
5.76667
9
5.8
11
5.83333
11
5.86667
12
5.9
13
5.93333
13
5.96667
13
6
15
6.03333
16
6.06667
16
6.1
18
6.13333
19
6.16667
20
6.2
22
6.23333
23
6.26667
24
6.3
27
6.33333
28
6.36667
29
6.4
32
6.43333
33
6.46667
34
6.5
35
6.53333
36
6.56667
37
6.6
40
6.63333
40
6.66667
41
6.7
42
6.73333
43
6.76667
45
6.8
48
6.83333
48
6.86667
49
6.9
50
6.93333
51
6.96667
54
7
55
7.03333
55
7.06667
57
7.1
58
7.13333
60
7.16667
64
7.2
68
7.23333
69
7.26667
71
7.3
71
7.33333
72
7.36667
73
7.4
77
7.43333
78
7.46667
79
7.5
81
7.53333
83
7.56667
83
7.6
87
7.63333
88
7.66667
90
7.7
92
7.73333
93
7.76667
94
7.8
96
7.83333
96
7.86667
97
7.9
98
7.93333
98
7.96667
100
8
103
8.03333
106
8.06667
107
8.1
108
8.13333
113
8.16667
116
8.2
118
8.23333
120
8.26667
121
8.3
125
8.33333
127
8.36667
130
8.4
131
8.43333
131
8.46667
133
8.5
133
8.53333
137
8.56667
137
8.6
137
8.63333
139
8.66667
141
8.7
143
8.73333
144
8.76667
146
8.8
149
8.83333
151
8.86667
153
8.9
155
8.93333
158
8.96667
161
9
163
9.03333
164
9.06667
165
9.1
166
9.13333
167
9.16667
170
9.2
173
9.23333
177
9.26667
178
9.3
181
9.33333
182
9.36667
183
9.4
186
9.43333
190
9.46667
194
9.5
197
9.53333
201
9.56667
205
9.6
209
9.63333
215
9.66667
217
9.7
218
9.73333
220
9.76667
224
9.8
228
9.83333
229
9.86667
230
9.9
235
9.93333
236
9.96667
237
10
240
10.0333
244
10.0667
246
10.1
249
10.1333
249
10.1667
249
10.2
250
10.2333
251
10.2667
253
10.3
256
10.3333
256
10.3667
257
10.4
259
10.4333
259
10.4667
261
10.5
265
10.5333
267
10.5667
267
10.6
270
10.6333
272
10.6667
273
10.7
275
10.7333
276
10.7667
277
10.8
279
10.8333
282
10.8667
284
10.9
285
10.9333
286
10.9667
289
11
290
11.0333
291
11.0667
294
11.1
297
11.1333
299
11.1667
301
11.2
304
11.2333
305
11.2667
307
11.3
308
11.3333
308
11.3667
310
11.4
310
11.4333
311
11.4667
312
11.5
313
11.5333
315
11.5667
316
11.6
317
11.6333
318
11.6667
321
11.7
322
11.7333
324
11.7667
325
11.8
327
11.8333
328
11.8667
330
11.9
334
11.9333
335
11.9667
337
12
337
12.0333
338
12.0667
338
12.1
341
12.1333
343
12.1667
345
12.2
346
12.2333
348
12.2667
351
12.3
353
12.3333
353
12.3667
354
12.4
355
12.4333
356
12.4667
358
12.5
358
12.5333
359
12.5667
361
12.6
362
12.6333
364
12.6667
368
12.7
371
12.7333
371
12.7667
373
12.8
373
12.8333
374
12.8667
375
12.9
377
12.9333
381
12.9667
384
13
385
13.0333
386
13.0667
387
13.1
387
13.1333
390
13.1667
392
13.2
393
13.2333
393
13.2667
393
13.3
396
13.3333
396
13.3667
398
13.4
398
13.4333
402
13.4667
403
13.5
405
13.5333
405
13.5667
406
13.6
407
13.6333
409
13.6667
411
13.7
413
13.7333
413
13.7667
415
13.8
416
13.8333
417
13.8667
419
13.9
421
13.9333
422
13.9667
422
14
423
14.0333
423
14.0667
425
14.1
426
14.1333
427
14.1667
428
14.2
429
14.2333
431
14.2667
432
14.3
432
14.3333
433
14.3667
433
14.4
435
14.4333
435
14.4667
435
14.5
438
14.5333
440
14.5667
440
14.6
442
14.6333
442
14.6667
442
14.7
442
14.7333
444
14.7667
446
14.8
447
14.8333
448
14.8667
451
14.9
451
14.9333
453
14.9667
454
15
458
15.0333
461
15.0667
465
15.1
468
15.1333
470
15.1667
473
15.2
476
15.2333
477
15.2667
479
15.3
480
15.3333
480
15.3667
482
15.4
485
15.4333
486
15.4667
486
15.5
487
15.5333
488
15.5667
491
15.6
494
15.6333
495
15.6667
496
15.7
498
15.7333
499
15.7667
500
15.8
501
15.8333
502
15.8667
504
15.9
507
15.9333
508
15.9667
509
16
511
16.0333
511
16.0667
515
16.1
515
16.1333
516
16.1667
516
16.2
516
16.2333
517
16.2667
517
16.3
518
16.3333
519
16.3667
520
16.4
520
16.4333
520
16.4667
520
16.5
521
16.5333
521
16.5667
522
16.6
523
16.6333
525
16.6667
526
16.7
527
16.7333
527
16.7667
528
16.8
528
16.8333
528
16.8667
530
16.9
532
16.9333
534
16.9667
536
17
537
17.0333
537
17.0667
537
17.1
537
17.1333
538
17.1667
538
17.2
538
17.2333
538
17.2667
538
17.3
538
17.3333
538
17.3667
539
17.4
539
17.4333
540
17.4667
540
17.5
541
17.5333
541
17.5667
541
17.6
543
17.6333
543
17.6667
544
17.7
544
17.7333
545
17.7667
546
17.8
547
17.8333
548
17.8667
549
17.9
550
17.9333
550
17.9667
551
18
551
18.0333
552
18.0667
552
18.1
552
18.1333
552
18.1667
553
18.2
553
18.2333
553
18.2667
554
18.3
554
18.3333
554
18.3667
555
18.4
557
18.4333
559
18.4667
560
18.5
560
18.5333
560
18.5667
561
18.6
561
18.6333
562
18.6667
564
18.7
564
18.7333
564
18.7667
564
18.8
564
18.8333
564
18.8667
565
18.9
566
18.9333
567
18.9667
569
19
569
19.0333
569
19.0667
570
19.1
570
19.1333
570
19.1667
570
19.2
570
19.2333
570
19.2667
572
19.3
574
19.3333
575
19.3667
575
19.4
575
19.4333
576
19.4667
576
19.5
576
19.5333
577
19.5667
578
19.6
581
19.6333
581
19.6667
582
19.7
582
19.7333
582
19.7667
583
19.8
584
19.8333
585
19.8667
585
19.9
585
19.9333
586
19.9667
587
20
588
20.0333
589
20.0667
590
20.1
591
20.1333
592
20.1667
593
20.2
594
20.2333
594
20.2667
595
20.3
598
20.3333
599
20.3667
600
20.4
602
20.4333
604
20.4667
604
20.5
604
20.5333
607
20.5667
607
20.6
609
20.6333
609
20.6667
609
20.7
612
20.7333
613
20.7667
614
20.8
614
20.8333
614
20.8667
616
20.9
616
20.9333
617
20.9667
618
21
620
21.0333
622
21.0667
623
21.1
623
21.1333
624
21.1667
624
21.2
624
21.2333
625
21.2667
625
21.3
626
21.3333
626
21.3667
627
21.4
629
21.4333
629
21.4667
629
21.5
629
21.5333
630
21.5667
631
21.6
631
21.6333
632
21.6667
632
21.7
633
21.7333
633
21.7667
634
21.8
634
21.8333
634
21.8667
634
21.9
634
21.9333
635
21.9667
635
22
637
22.0333
637
22.0667
638
22.1
638
22.1333
638
22.1667
639
22.2
639
22.2333
639
22.2667
640
22.3
641
22.3333
641
22.3667
642
22.4
642
22.4333
643
22.4667
643
22.5
643
22.5333
643
22.5667
646
22.6
646
22.6333
647
22.6667
647
22.7
648
22.7333
648
22.7667
649
22.8
649
22.8333
649
22.8667
649
22.9
649
22.9333
649
22.9667
649
23
649
23.0333
650
23.0667
650
23.1
651
23.1333
654
23.1667
655
23.2
655
23.2333
656
23.2667
656
23.3
658
23.3333
659
23.3667
659
23.4
660
23.4333
660
23.4667
660
23.5
660
23.5333
662
23.5667
663
23.6
663
23.6333
663
23.6667
664
23.7
665
23.7333
666
23.7667
666
23.8
667
23.8333
668
23.8667
669
23.9
671
23.9333
671
23.9667
672
24
672
24.0333
673
24.0667
673
24.1
674
24.1333
674
24.1667
675
24.2
676
24.2333
676
24.2667
677
24.3
678
24.3333
678
24.3667
680
24.4
683
24.4333
684
24.4667
684
24.5
687
24.5333
688
24.5667
688
24.6
690
24.6333
690
24.6667
690
24.7
690
24.7333
690
24.7667
691
24.8
691
24.8333
691
24.8667
691
24.9
691
24.9333
692
24.9667
692
25
692
25.0333
695
25.0667
696
25.1
697
25.1333
698
25.1667
698
25.2
699
25.2333
700
25.2667
700
25.3
701
25.3333
701
25.3667
704
25.4
704
25.4333
705
25.4667
705
25.5
705
25.5333
707
25.5667
708
25.6
708
25.6333
708
25.6667
710
25.7
710
25.7333
710
25.7667
710
25.8
711
25.8333
711
25.8667
712
25.9
713
25.9333
714
25.9667
715
26
717
26.0333
717
26.0667
717
26.1
717
26.1333
717
26.1667
717
26.2
717
26.2333
718
26.2667
719
26.3
719
26.3333
719
26.3667
720
26.4
721
26.4333
721
26.4667
721
26.5
722
26.5333
724
26.5667
726
26.6
726
26.6333
726
26.6667
727
26.7
727
26.7333
728
26.7667
729
26.8
730
26.8333
730
26.8667
731
26.9
732
26.9333
732
26.9667
732
27
734
27.0333
734
27.0667
734
27.1
736
27.1333
736
27.1667
736
27.2
736
27.2333
736
27.2667
736
27.3
737
27.3333
738
27.3667
739
27.4
739
27.4333
740
27.4667
740
27.5
740
27.5333
740
27.5667
741
27.6
742
27.6333
742
27.6667
742
27.7
742
27.7333
743
27.7667
743
27.8
743
27.8333
743
27.8667
743
27.9
743
27.9333
743
27.9667
745
28
745
28.0333
747
28.0667
747
28.1
747
28.1333
748
28.1667
748
28.2
748
28.2333
748
28.2667
748
28.3
748
28.3333
749
28.3667
750
28.4
751
28.4333
751
28.4667
751
28.5
751
28.5333
752
28.5667
752
28.6
752
28.6333
752
28.6667
752
28.7
752
28.7333
753
28.7667
753
28.8
754
28.8333
754
28.8667
754
28.9
755
28.9333
756
28.9667
757
29
757
29.0333
757
29.0667
758
29.1
760
29.1333
761
29.1667
761
29.2
761
29.2333
761
29.2667
761
29.3
762
29.3333
762
29.3667
764
29.4
764
29.4333
765
29.4667
765
29.5
765
29.5333
765
29.5667
768
29.6
768
29.6333
768
29.6667
768
29.7
768
29.7333
768
29.7667
768
29.8
768
29.8333
769
29.8667
771
29.9
771
29.9333
772
29.9667
773
30
773
30.0333
773
30.0667
773
30.1
773
30.1333
773
30.1667
774
30.2
775
30.2333
775
30.2667
776
30.3
776
30.3333
776
30.3667
777
30.4
777
30.4333
777
30.4667
777
30.5
777
30.5333
777
30.5667
777
30.6
777
30.6333
778
30.6667
778
30.7
778
30.7333
779
30.7667
780
30.8
780
30.8333
780
30.8667
780
30.9
781
30.9333
784
30.9667
784
31
784
31.0333
784
31.0667
787
31.1
788
31.1333
788
31.1667
788
31.2
788
31.2333
788
31.2667
789
31.3
790
31.3333
790
31.3667
790
31.4
790
31.4333
791
31.4667
792
31.5
792
31.5333
793
31.5667
794
31.6
794
31.6333
794
31.6667
795
31.7
795
31.7333
795
31.7667
795
31.8
796
31.8333
796
31.8667
797
31.9
798
31.9333
798
31.9667
798
32
799
32.0333
799
32.0667
800
32.1
800
32.1333
800
32.1667
800
32.2
800
32.2333
800
32.2667
800
32.3
801
32.3333
801
32.3667
801
32.4
803
32.4333
803
32.4667
803
32.5
803
32.5333
804
32.5667
804
32.6
804
32.6333
804
32.6667
804
32.7
804
32.7333
805
32.7667
805
32.8
805
32.8333
805
32.8667
805
32.9
805
32.9333
805
32.9667
805
33
805
33.0333
805
33.0667
805
33.1
805
33.1333
805
33.1667
806
33.2
806
33.2333
806
33.2667
806
33.3
806
33.3333
806
33.3667
806
33.4
806
33.4333
806
33.4667
806
33.5
806
33.5333
806
33.5667
806
33.6
806
33.6333
806
33.6667
807
33.7
807
33.7333
808
33.7667
808
33.8
808
33.8333
810
33.8667
811
33.9
811
33.9333
811
33.9667
811
34
811
34.0333
811
34.0667
812
34.1
812
34.1333
812
34.1667
812
34.2
813
34.2333
814
34.2667
814
34.3
814
34.3333
814
34.3667
814
34.4
815
34.4333
815
34.4667
815
34.5
815
34.5333
816
34.5667
816
34.6
816
34.6333
816
34.6667
816
34.7
817
34.7333
817
34.7667
817
34.8
817
34.8333
818
34.8667
819
34.9
820
34.9333
820
34.9667
821
35
821
35.0333
821
35.0667
822
35.1
822
35.1333
823
35.1667
824
35.2
824
35.2333
824
35.2667
825
35.3
825
35.3333
825
35.3667
825
35.4
825
35.4333
825
35.4667
825
35.5
825
35.5333
825
35.5667
825
35.6
825
35.6333
825
35.6667
825
35.7
826
35.7333
826
35.7667
826
35.8
826
35.8333
826
35.8667
827
35.9
827
35.9333
827
35.9667
827
36
828
36.0333
828
36.0667
828
36.1
829
36.1333
829
36.1667
830
36.2
830
36.2333
830
36.2667
831
36.3
831
36.3333
831
36.3667
831
36.4
831
36.4333
831
36.4667
832
36.5
832
36.5333
832
36.5667
832
36.6
832
36.6333
832
36.6667
834
