0
1
0.0333333
1
0.0666667
1
0.1
1
0.133333
1
0.166667
1
0.2
1
0.233333
1
0.266667
1
0.3
1
0.333333
1
0.366667
1
0.4
1
0.433333
1
0.466667
1
0.5
1
0.533333
1
0.566667
1
0.6
1
0.633333
1
0.666667
1
0.7
1
0.733333
1
0.766667
1
0.8
1
0.833333
1
0.866667
1
0.9
1
0.933333
1
0.966667
1
1
1
1.03333
1
1.06667
1
1.1
1
1.13333
1
1.16667
1
1.2
1
1.23333
1
1.26667
1
1.3
1
1.33333
1
1.36667
1
1.4
1
1.43333
1
1.46667
1
1.5
1
1.53333
1
1.56667
1
1.6
1
1.63333
1
1.66667
1
1.7
1
1.73333
1
1.76667
1
1.8
1
1.83333
1
1.86667
1
1.9
1
1.93333
1
1.96667
1
2
1
2.03333
1
2.06667
1
2.1
1
2.13333
1
2.16667
1
2.2
1
2.23333
1
2.26667
1
2.3
1
2.33333
1
2.36667
1
2.4
1
2.43333
1
2.46667
1
2.5
1
2.53333
1
2.56667
1
2.6
1
2.63333
1
2.66667
1
2.7
1
2.73333
1
2.76667
1
2.8
1
2.83333
1
2.86667
1
2.9
1
2.93333
1
2.96667
1
3
1
3.03333
1
3.06667
1
3.1
1
3.13333
1
3.16667
1
3.2
1
3.23333
1
3.26667
1
3.3
1
3.33333
1
3.36667
1
3.4
1
3.43333
1
3.46667
1
3.5
1
3.53333
1
3.56667
1
3.6
1
3.63333
1
3.66667
1
3.7
1
3.73333
1
3.76667
1
3.8
1
3.83333
1
3.86667
1
3.9
1
3.93333
1
3.96667
1
4
1
4.03333
1
4.06667
1
4.1
1
4.13333
1
4.16667
1
4.2
1
4.23333
1
4.26667
1
4.3
1
4.33333
1
4.36667
1
4.4
1
4.43333
1
4.46667
1
4.5
1
4.53333
1
4.56667
1
4.6
1
4.63333
1
4.66667
1
4.7
1
4.73333
1
4.76667
1
4.8
1
4.83333
1
4.86667
1
4.9
1
4.93333
1
4.96667
1
5
1
5.03333
1
5.06667
1
5.1
1
5.13333
1
5.16667
1
5.2
1
5.23333
1
5.26667
1
5.3
1
5.33333
1
5.36667
1
5.4
1
5.43333
1
5.46667
1
5.5
1
5.53333
1
5.56667
1
5.6
1
5.63333
1
5.66667
1
5.7
1
5.73333
1
5.76667
1
5.8
1
5.83333
1
5.86667
1
5.9
1
5.93333
1
5.96667
1
6
1
6.03333
1
6.06667
1
6.1
1
6.13333
1
6.16667
1
6.2
1
6.23333
1
6.26667
2
6.3
2
6.33333
2
6.36667
3
6.4
4
6.43333
5
6.46667
5
6.5
5
6.53333
5
6.56667
5
6.6
6
6.63333
6
6.66667
6
6.7
7
6.73333
7
6.76667
7
6.8
9
6.83333
9
6.86667
9
6.9
9
6.93333
11
6.96667
12
7
12
7.03333
14
7.06667
14
7.1
14
7.13333
14
7.16667
15
7.2
15
7.23333
15
7.26667
15
7.3
15
7.33333
15
7.36667
15
7.4
15
7.43333
16
7.46667
16
7.5
16
7.53333
16
7.56667
16
7.6
16
7.63333
17
7.66667
17
7.7
17
7.73333
17
7.76667
17
7.8
17
7.83333
17
7.86667
17
7.9
17
7.93333
17
7.96667
17
8
18
8.03333
18
8.06667
18
8.1
18
8.13333
18
8.16667
18
8.2
18
8.23333
18
8.26667
18
8.3
18
8.33333
18
8.36667
18
8.4
18
8.43333
18
8.46667
18
8.5
18
8.53333
18
8.56667
18
8.6
18
8.63333
18
8.66667
18
8.7
18
8.73333
18
8.76667
18
8.8
18
8.83333
18
8.86667
18
8.9
18
8.93333
18
8.96667
18
9
18
9.03333
18
9.06667
18
9.1
18
9.13333
18
9.16667
18
9.2
18
9.23333
18
9.26667
18
9.3
18
9.33333
18
9.36667
18
9.4
18
9.43333
18
9.46667
18
9.5
18
9.53333
18
9.56667
18
9.6
18
9.63333
18
9.66667
18
9.7
18
9.73333
18
9.76667
18
9.8
18
9.83333
18
9.86667
18
9.9
18
9.93333
18
9.96667
18
10
18
10.0333
19
10.0667
19
10.1
19
10.1333
19
10.1667
19
10.2
19
10.2333
19
10.2667
19
10.3
20
10.3333
20
10.3667
20
10.4
20
10.4333
20
10.4667
20
10.5
20
10.5333
20
10.5667
20
10.6
20
10.6333
20
10.6667
20
10.7
20
10.7333
20
10.7667
20
10.8
20
10.8333
20
10.8667
20
10.9
20
10.9333
20
10.9667
20
11
20
11.0333
20
11.0667
20
11.1
20
11.1333
20
11.1667
20
11.2
20
11.2333
20
11.2667
20
11.3
20
11.3333
20
11.3667
20
11.4
20
11.4333
20
11.4667
20
11.5
20
11.5333
20
11.5667
20
11.6
20
11.6333
20
11.6667
20
11.7
21
11.7333
22
11.7667
22
11.8
22
11.8333
22
11.8667
22
11.9
22
11.9333
22
11.9667
22
12
22
12.0333
22
12.0667
22
12.1
22
12.1333
22
12.1667
22
12.2
22
12.2333
22
12.2667
22
12.3
22
12.3333
22
12.3667
22
12.4
22
12.4333
24
12.4667
24
12.5
24
12.5333
24
12.5667
24
12.6
24
12.6333
24
12.6667
24
12.7
25
12.7333
25
12.7667
25
12.8
25
12.8333
26
12.8667
26
12.9
26
12.9333
26
12.9667
26
13
26
13.0333
26
13.0667
26
13.1
26
13.1333
26
13.1667
27
13.2
27
13.2333
27
13.2667
27
13.3
27
13.3333
27
13.3667
27
13.4
27
13.4333
28
13.4667
28
13.5
28
13.5333
28
13.5667
28
13.6
28
13.6333
28
13.6667
28
13.7
28
13.7333
28
13.7667
28
13.8
28
13.8333
28
13.8667
28
13.9
28
13.9333
28
13.9667
28
14
28
14.0333
28
14.0667
28
14.1
28
14.1333
28
14.1667
28
14.2
28
14.2333
28
14.2667
28
14.3
28
14.3333
28
14.3667
28
14.4
28
14.4333
28
14.4667
28
14.5
28
14.5333
28
14.5667
28
14.6
28
14.6333
28
14.6667
28
14.7
28
14.7333
28
14.7667
28
14.8
28
14.8333
28
14.8667
28
14.9
28
14.9333
28
14.9667
28
15
28
15.0333
28
15.0667
28
15.1
28
15.1333
28
15.1667
28
15.2
28
15.2333
28
15.2667
28
15.3
28
15.3333
28
15.3667
28
15.4
29
15.4333
29
15.4667
29
15.5
29
15.5333
29
15.5667
29
15.6
30
15.6333
30
15.6667
30
15.7
30
15.7333
30
15.7667
30
15.8
30
15.8333
30
15.8667
30
15.9
30
15.9333
30
15.9667
30
16
30
16.0333
30
16.0667
30
16.1
30
16.1333
30
16.1667
30
16.2
30
16.2333
30
16.2667
30
16.3
30
16.3333
30
16.3667
30
16.4
30
16.4333
30
16.4667
30
16.5
30
16.5333
30
16.5667
30
16.6
30
16.6333
30
16.6667
30
16.7
31
16.7333
31
16.7667
32
16.8
32
16.8333
32
16.8667
32
16.9
32
16.9333
32
16.9667
32
17
33
17.0333
33
17.0667
33
17.1
33
17.1333
33
17.1667
33
17.2
33
17.2333
33
17.2667
33
17.3
33
17.3333
33
17.3667
33
17.4
33
17.4333
34
17.4667
35
17.5
35
17.5333
35
17.5667
35
17.6
35
17.6333
35
17.6667
35
17.7
35
17.7333
35
17.7667
35
17.8
35
17.8333
35
17.8667
36
17.9
36
17.9333
37
17.9667
37
18
37
18.0333
37
18.0667
37
18.1
37
18.1333
37
18.1667
38
18.2
38
18.2333
38
18.2667
38
18.3
38
18.3333
38
18.3667
38
18.4
38
18.4333
38
18.4667
38
18.5
38
18.5333
38
18.5667
38
18.6
38
18.6333
38
18.6667
38
18.7
38
18.7333
38
18.7667
38
18.8
38
18.8333
38
18.8667
38
18.9
38
18.9333
38
18.9667
38
19
38
19.0333
38
19.0667
38
19.1
38
19.1333
38
19.1667
38
19.2
38
19.2333
38
19.2667
38
19.3
38
19.3333
38
19.3667
38
19.4
38
19.4333
38
19.4667
38
19.5
38
19.5333
38
19.5667
38
19.6
38
19.6333
38
19.6667
38
19.7
38
19.7333
38
19.7667
38
19.8
38
19.8333
38
19.8667
38
19.9
38
19.9333
38
19.9667
38
20
38
