0
1
0.0333333
1
0.0666667
1
0.1
1
0.133333
1
0.166667
1
0.2
1
0.233333
1
0.266667
1
0.3
1
0.333333
1
0.366667
1
0.4
1
0.433333
1
0.466667
1
0.5
1
0.533333
1
0.566667
1
0.6
1
0.633333
1
0.666667
1
0.7
1
0.733333
1
0.766667
1
0.8
1
0.833333
1
0.866667
1
0.9
1
0.933333
1
0.966667
1
1
1
1.03333
1
1.06667
1
1.1
1
1.13333
1
1.16667
1
1.2
1
1.23333
1
1.26667
1
1.3
1
1.33333
1
1.36667
1
1.4
1
1.43333
1
1.46667
1
1.5
1
1.53333
1
1.56667
1
1.6
1
1.63333
1
1.66667
1
1.7
1
1.73333
1
1.76667
1
1.8
1
1.83333
1
1.86667
1
1.9
1
1.93333
1
1.96667
1
2
1
2.03333
1
2.06667
1
2.1
1
2.13333
1
2.16667
1
2.2
1
2.23333
1
2.26667
1
2.3
1
2.33333
1
2.36667
1
2.4
1
2.43333
1
2.46667
1
2.5
1
2.53333
1
2.56667
1
2.6
1
2.63333
1
2.66667
1
2.7
1
2.73333
1
2.76667
1
2.8
1
2.83333
1
2.86667
1
2.9
1
2.93333
1
2.96667
1
3
1
3.03333
1
3.06667
1
3.1
1
3.13333
1
3.16667
1
3.2
1
3.23333
1
3.26667
1
3.3
1
3.33333
1
3.36667
1
3.4
1
3.43333
1
3.46667
1
3.5
1
3.53333
1
3.56667
1
3.6
1
3.63333
1
3.66667
1
3.7
1
3.73333
1
3.76667
1
3.8
1
3.83333
1
3.86667
1
3.9
1
3.93333
1
3.96667
1
4
1
4.03333
1
4.06667
1
4.1
1
4.13333
1
4.16667
1
4.2
1
4.23333
1
4.26667
1
4.3
1
4.33333
1
4.36667
1
4.4
1
4.43333
1
4.46667
1
4.5
1
4.53333
2
4.56667
2
4.6
2
4.63333
2
4.66667
3
4.7
3
4.73333
3
4.76667
3
4.8
4
4.83333
4
4.86667
4
4.9
4
4.93333
4
4.96667
4
5
4
5.03333
5
5.06667
5
5.1
5
5.13333
5
5.16667
5
5.2
5
5.23333
5
5.26667
5
5.3
6
5.33333
6
5.36667
6
5.4
6
5.43333
6
5.46667
6
5.5
7
5.53333
7
5.56667
7
5.6
7
5.63333
7
5.66667
7
5.7
7
5.73333
7
5.76667
7
5.8
7
5.83333
8
5.86667
8
5.9
8
5.93333
8
5.96667
8
6
9
6.03333
9
6.06667
9
6.1
9
6.13333
10
6.16667
10
6.2
10
6.23333
10
6.26667
10
6.3
10
6.33333
11
6.36667
11
6.4
11
6.43333
12
6.46667
13
6.5
15
6.53333
17
6.56667
18
6.6
19
6.63333
20
6.66667
20
6.7
20
6.73333
21
6.76667
22
6.8
25
6.83333
26
6.86667
27
6.9
28
6.93333
28
6.96667
29
7
30
7.03333
30
7.06667
30
7.1
31
7.13333
32
7.16667
33
7.2
33
7.23333
34
7.26667
34
7.3
35
7.33333
35
7.36667
36
7.4
36
7.43333
37
7.46667
38
7.5
38
7.53333
38
7.56667
38
7.6
39
7.63333
40
7.66667
40
7.7
40
7.73333
40
7.76667
40
7.8
40
7.83333
41
7.86667
42
7.9
43
7.93333
44
7.96667
44
8
44
8.03333
46
8.06667
48
8.1
51
8.13333
51
8.16667
51
8.2
52
8.23333
53
8.26667
54
8.3
55
8.33333
55
8.36667
55
8.4
56
8.43333
56
8.46667
56
8.5
56
8.53333
56
8.56667
56
8.6
57
8.63333
57
8.66667
57
8.7
59
8.73333
60
8.76667
61
8.8
64
8.83333
65
8.86667
66
8.9
66
8.93333
67
8.96667
67
9
67
9.03333
67
9.06667
67
9.1
68
9.13333
68
9.16667
68
9.2
70
9.23333
71
9.26667
71
9.3
72
9.33333
73
9.36667
73
9.4
74
9.43333
74
9.46667
74
9.5
74
9.53333
74
9.56667
75
9.6
75
9.63333
75
9.66667
76
9.7
76
9.73333
76
9.76667
76
9.8
76
9.83333
77
9.86667
77
9.9
79
9.93333
80
9.96667
81
10
81
10.0333
81
10.0667
82
10.1
82
10.1333
83
10.1667
84
10.2
85
10.2333
87
10.2667
88
10.3
89
10.3333
89
10.3667
90
10.4
91
10.4333
91
10.4667
91
10.5
92
10.5333
93
10.5667
95
10.6
95
10.6333
96
10.6667
98
10.7
99
10.7333
99
10.7667
99
10.8
100
10.8333
102
10.8667
103
10.9
106
10.9333
106
10.9667
106
11
107
11.0333
107
11.0667
107
11.1
109
11.1333
109
11.1667
109
11.2
109
11.2333
110
11.2667
110
11.3
110
11.3333
111
11.3667
111
11.4
111
11.4333
111
11.4667
112
11.5
113
11.5333
114
11.5667
115
11.6
117
11.6333
117
11.6667
117
11.7
119
11.7333
120
11.7667
123
11.8
123
11.8333
128
11.8667
130
11.9
131
11.9333
131
11.9667
132
12
133
12.0333
134
12.0667
137
12.1
137
12.1333
137
12.1667
140
12.2
141
12.2333
143
12.2667
147
12.3
151
12.3333
152
12.3667
153
12.4
153
12.4333
153
12.4667
154
12.5
156
12.5333
158
12.5667
160
12.6
161
12.6333
164
12.6667
165
12.7
166
12.7333
168
12.7667
169
12.8
171
12.8333
172
12.8667
173
12.9
174
12.9333
175
12.9667
175
13
177
13.0333
179
13.0667
179
13.1
179
13.1333
180
13.1667
180
13.2
181
13.2333
181
13.2667
182
13.3
183
13.3333
183
13.3667
183
13.4
183
13.4333
183
13.4667
184
13.5
184
13.5333
185
13.5667
187
13.6
187
13.6333
187
13.6667
189
13.7
190
13.7333
193
13.7667
193
13.8
194
13.8333
194
13.8667
195
13.9
197
13.9333
198
13.9667
200
14
203
14.0333
203
14.0667
203
14.1
203
14.1333
204
14.1667
207
14.2
207
14.2333
208
14.2667
208
14.3
209
14.3333
209
14.3667
210
14.4
210
14.4333
211
14.4667
212
14.5
212
14.5333
213
14.5667
213
14.6
213
14.6333
213
14.6667
213
14.7
214
14.7333
216
14.7667
216
14.8
216
14.8333
217
14.8667
217
14.9
217
14.9333
217
14.9667
217
15
218
15.0333
218
15.0667
218
15.1
218
15.1333
218
15.1667
218
15.2
218
15.2333
218
15.2667
218
15.3
218
15.3333
219
15.3667
219
15.4
219
15.4333
219
15.4667
219
15.5
219
15.5333
219
15.5667
219
15.6
219
15.6333
219
15.6667
219
15.7
219
15.7333
219
15.7667
220
15.8
222
15.8333
222
15.8667
222
15.9
222
15.9333
222
15.9667
223
16
223
16.0333
226
16.0667
226
16.1
228
16.1333
228
16.1667
228
16.2
228
16.2333
228
16.2667
228
16.3
228
16.3333
229
16.3667
231
16.4
232
16.4333
233
16.4667
233
16.5
233
16.5333
233
16.5667
233
16.6
233
16.6333
234
16.6667
234
16.7
234
16.7333
235
16.7667
235
16.8
235
16.8333
235
16.8667
236
16.9
237
16.9333
237
16.9667
238
17
238
17.0333
238
17.0667
238
17.1
238
17.1333
238
17.1667
238
17.2
239
17.2333
240
17.2667
240
17.3
240
17.3333
240
17.3667
240
17.4
240
17.4333
241
17.4667
241
17.5
241
17.5333
241
17.5667
241
17.6
241
17.6333
241
17.6667
241
17.7
242
17.7333
243
17.7667
243
17.8
243
17.8333
244
17.8667
244
17.9
245
17.9333
245
17.9667
246
18
246
18.0333
246
18.0667
246
18.1
246
18.1333
247
18.1667
248
18.2
248
18.2333
249
18.2667
249
18.3
249
18.3333
249
18.3667
249
18.4
249
18.4333
249
18.4667
251
18.5
251
18.5333
251
18.5667
252
18.6
252
18.6333
252
18.6667
253
18.7
253
18.7333
253
18.7667
253
18.8
253
18.8333
253
18.8667
254
18.9
254
18.9333
255
18.9667
255
19
256
19.0333
256
19.0667
256
19.1
256
19.1333
257
19.1667
257
19.2
257
19.2333
257
19.2667
257
19.3
257
19.3333
257
19.3667
257
19.4
257
19.4333
257
19.4667
257
19.5
257
19.5333
257
19.5667
257
19.6
257
19.6333
257
19.6667
258
19.7
258
19.7333
258
19.7667
258
19.8
258
19.8333
258
19.8667
258
19.9
260
19.9333
260
19.9667
261
20
262
