0
1
0.0333333
1
0.0666667
1
0.1
1
0.133333
1
0.166667
1
0.2
1
0.233333
1
0.266667
1
0.3
1
0.333333
1
0.366667
1
0.4
1
0.433333
1
0.466667
1
0.5
1
0.533333
1
0.566667
1
0.6
1
0.633333
1
0.666667
1
0.7
1
0.733333
1
0.766667
1
0.8
1
0.833333
1
0.866667
1
0.9
1
0.933333
1
0.966667
1
1
1
1.03333
1
1.06667
1
1.1
1
1.13333
1
1.16667
1
1.2
1
1.23333
1
1.26667
1
1.3
1
1.33333
1
1.36667
1
1.4
1
1.43333
1
1.46667
1
1.5
1
1.53333
1
1.56667
1
1.6
1
1.63333
1
1.66667
1
1.7
1
1.73333
1
1.76667
1
1.8
1
1.83333
1
1.86667
1
1.9
1
1.93333
1
1.96667
1
2
1
2.03333
1
2.06667
1
2.1
1
2.13333
1
2.16667
1
2.2
1
2.23333
1
2.26667
1
2.3
1
2.33333
1
2.36667
1
2.4
1
2.43333
1
2.46667
1
2.5
1
2.53333
1
2.56667
1
2.6
1
2.63333
1
2.66667
1
2.7
1
2.73333
1
2.76667
1
2.8
1
2.83333
1
2.86667
1
2.9
1
2.93333
1
2.96667
1
3
1
3.03333
1
3.06667
1
3.1
1
3.13333
1
3.16667
1
3.2
1
3.23333
1
3.26667
1
3.3
1
3.33333
1
3.36667
1
3.4
1
3.43333
1
3.46667
1
3.5
1
3.53333
1
3.56667
1
3.6
1
3.63333
1
3.66667
1
3.7
1
3.73333
1
3.76667
1
3.8
1
3.83333
1
3.86667
1
3.9
1
3.93333
1
3.96667
1
4
1
4.03333
1
4.06667
1
4.1
1
4.13333
1
4.16667
1
4.2
1
4.23333
1
4.26667
1
4.3
1
4.33333
1
4.36667
1
4.4
1
4.43333
1
4.46667
1
4.5
1
4.53333
1
4.56667
1
4.6
1
4.63333
1
4.66667
1
4.7
1
4.73333
1
4.76667
1
4.8
1
4.83333
1
4.86667
1
4.9
1
4.93333
1
4.96667
1
5
1
5.03333
1
5.06667
1
5.1
2
5.13333
2
5.16667
2
5.2
3
5.23333
3
5.26667
3
5.3
3
5.33333
3
5.36667
3
5.4
4
5.43333
4
5.46667
4
5.5
4
5.53333
4
5.56667
5
5.6
5
5.63333
6
5.66667
6
5.7
7
5.73333
8
5.76667
8
5.8
9
5.83333
9
5.86667
10
5.9
10
5.93333
10
5.96667
12
6
12
6.03333
12
6.06667
12
6.1
13
6.13333
14
6.16667
15
6.2
15
6.23333
16
6.26667
16
6.3
18
6.33333
20
6.36667
20
6.4
23
6.43333
24
6.46667
24
6.5
25
6.53333
28
6.56667
28
6.6
30
6.63333
33
6.66667
34
6.7
38
6.73333
39
6.76667
42
6.8
47
6.83333
47
6.86667
48
6.9
51
6.93333
55
6.96667
57
7
59
7.03333
61
7.06667
61
7.1
62
7.13333
65
7.16667
66
7.2
67
7.23333
68
7.26667
70
7.3
70
7.33333
70
7.36667
72
7.4
73
7.43333
76
7.46667
77
7.5
78
7.53333
79
7.56667
80
7.6
81
7.63333
83
7.66667
83
7.7
84
7.73333
84
7.76667
88
7.8
88
7.83333
89
7.86667
90
7.9
91
7.93333
92
7.96667
94
8
97
8.03333
97
8.06667
97
8.1
98
8.13333
98
8.16667
100
8.2
101
8.23333
102
8.26667
104
8.3
104
8.33333
104
8.36667
104
8.4
104
8.43333
105
8.46667
105
8.5
107
8.53333
110
8.56667
111
8.6
114
8.63333
116
8.66667
116
8.7
116
8.73333
117
8.76667
119
8.8
121
8.83333
121
8.86667
123
8.9
125
8.93333
127
8.96667
129
9
131
9.03333
131
9.06667
131
9.1
132
9.13333
133
9.16667
134
9.2
135
9.23333
135
9.26667
136
9.3
138
9.33333
140
9.36667
141
9.4
144
9.43333
145
9.46667
146
9.5
149
9.53333
150
9.56667
150
9.6
150
9.63333
151
9.66667
153
9.7
154
9.73333
154
9.76667
154
9.8
155
9.83333
156
9.86667
157
9.9
158
9.93333
161
9.96667
162
10
165
10.0333
167
10.0667
168
10.1
171
10.1333
175
10.1667
176
10.2
178
10.2333
180
10.2667
182
10.3
183
10.3333
186
10.3667
189
10.4
189
10.4333
192
10.4667
193
10.5
196
10.5333
201
10.5667
204
10.6
205
10.6333
207
10.6667
208
10.7
212
10.7333
212
10.7667
212
10.8
213
10.8333
215
10.8667
217
10.9
218
10.9333
219
10.9667
222
11
230
11.0333
236
11.0667
238
11.1
243
11.1333
248
11.1667
253
11.2
258
11.2333
260
11.2667
262
11.3
266
11.3333
272
11.3667
277
11.4
282
11.4333
287
11.4667
290
11.5
292
11.5333
294
11.5667
294
11.6
296
11.6333
300
11.6667
302
11.7
306
11.7333
309
11.7667
312
11.8
314
11.8333
316
11.8667
318
11.9
318
11.9333
320
11.9667
323
12
328
12.0333
330
12.0667
333
12.1
336
12.1333
337
12.1667
340
12.2
342
12.2333
344
12.2667
348
12.3
348
12.3333
350
12.3667
351
12.4
351
12.4333
355
12.4667
356
12.5
357
12.5333
360
12.5667
361
12.6
362
12.6333
363
12.6667
364
12.7
364
12.7333
365
12.7667
365
12.8
367
12.8333
369
12.8667
370
12.9
371
12.9333
373
12.9667
373
13
373
13.0333
375
13.0667
375
13.1
375
13.1333
375
13.1667
375
13.2
375
13.2333
375
13.2667
376
13.3
376
13.3333
377
13.3667
377
13.4
379
13.4333
379
13.4667
379
13.5
379
13.5333
379
13.5667
380
13.6
381
13.6333
381
13.6667
381
13.7
381
13.7333
382
13.7667
382
13.8
385
13.8333
385
13.8667
386
13.9
387
13.9333
387
13.9667
388
14
389
14.0333
390
14.0667
391
14.1
391
14.1333
391
14.1667
391
14.2
392
14.2333
394
14.2667
395
14.3
395
14.3333
395
14.3667
397
14.4
398
14.4333
399
14.4667
400
14.5
400
14.5333
401
14.5667
402
14.6
403
14.6333
405
14.6667
406
14.7
408
14.7333
411
14.7667
413
14.8
414
14.8333
415
14.8667
416
14.9
416
14.9333
417
14.9667
419
15
420
15.0333
422
15.0667
424
15.1
426
15.1333
427
15.1667
427
15.2
432
15.2333
433
15.2667
436
15.3
438
15.3333
439
15.3667
440
15.4
444
15.4333
446
15.4667
448
15.5
449
15.5333
450
15.5667
452
15.6
453
15.6333
454
15.6667
455
15.7
456
15.7333
456
15.7667
457
15.8
458
15.8333
460
15.8667
461
15.9
461
15.9333
463
15.9667
466
16
467
16.0333
468
16.0667
469
16.1
470
16.1333
471
16.1667
472
16.2
473
16.2333
477
16.2667
478
16.3
479
16.3333
479
16.3667
480
16.4
481
16.4333
482
16.4667
482
16.5
482
16.5333
482
16.5667
482
16.6
482
16.6333
484
16.6667
488
16.7
490
16.7333
491
16.7667
492
16.8
494
16.8333
494
16.8667
495
16.9
495
16.9333
496
16.9667
498
17
498
17.0333
498
17.0667
498
17.1
499
17.1333
502
17.1667
503
17.2
504
17.2333
504
17.2667
505
17.3
506
17.3333
506
17.3667
508
17.4
511
17.4333
512
17.4667
514
17.5
515
17.5333
517
17.5667
519
17.6
520
17.6333
520
17.6667
521
17.7
521
17.7333
521
17.7667
522
17.8
523
17.8333
524
17.8667
528
17.9
528
17.9333
530
17.9667
531
18
532
18.0333
533
18.0667
534
18.1
534
18.1333
535
18.1667
539
18.2
540
18.2333
541
18.2667
541
18.3
542
18.3333
544
18.3667
546
18.4
547
18.4333
548
18.4667
549
18.5
551
18.5333
551
18.5667
552
18.6
554
18.6333
554
18.6667
554
18.7
555
18.7333
555
18.7667
555
18.8
556
18.8333
558
18.8667
558
18.9
558
18.9333
559
18.9667
559
19
561
19.0333
562
19.0667
562
19.1
563
19.1333
563
19.1667
564
19.2
565
19.2333
565
19.2667
567
19.3
569
19.3333
569
19.3667
569
19.4
569
19.4333
571
19.4667
571
19.5
572
19.5333
572
19.5667
573
19.6
574
19.6333
574
19.6667
574
19.7
575
19.7333
575
19.7667
575
19.8
576
19.8333
578
19.8667
578
19.9
578
19.9333
580
19.9667
581
20
581
