0
1
0.0333333
1
0.0666667
1
0.1
1
0.133333
1
0.166667
1
0.2
1
0.233333
1
0.266667
1
0.3
1
0.333333
1
0.366667
1
0.4
1
0.433333
1
0.466667
1
0.5
1
0.533333
1
0.566667
1
0.6
1
0.633333
1
0.666667
1
0.7
1
0.733333
1
0.766667
1
0.8
1
0.833333
1
0.866667
1
0.9
1
0.933333
1
0.966667
1
1
1
1.03333
1
1.06667
1
1.1
1
1.13333
1
1.16667
1
1.2
1
1.23333
1
1.26667
1
1.3
1
1.33333
1
1.36667
1
1.4
1
1.43333
1
1.46667
1
1.5
1
1.53333
1
1.56667
1
1.6
1
1.63333
1
1.66667
1
1.7
1
1.73333
1
1.76667
1
1.8
1
1.83333
1
1.86667
1
1.9
1
1.93333
1
1.96667
1
2
1
2.03333
1
2.06667
1
2.1
1
2.13333
1
2.16667
1
2.2
1
2.23333
1
2.26667
1
2.3
1
2.33333
1
2.36667
1
2.4
1
2.43333
1
2.46667
1
2.5
1
2.53333
1
2.56667
1
2.6
1
2.63333
1
2.66667
1
2.7
1
2.73333
1
2.76667
1
2.8
1
2.83333
1
2.86667
1
2.9
1
2.93333
1
2.96667
1
3
1
3.03333
1
3.06667
1
3.1
1
3.13333
1
3.16667
1
3.2
1
3.23333
1
3.26667
1
3.3
1
3.33333
1
3.36667
1
3.4
1
3.43333
1
3.46667
1
3.5
1
3.53333
1
3.56667
1
3.6
1
3.63333
1
3.66667
1
3.7
1
3.73333
1
3.76667
1
3.8
1
3.83333
1
3.86667
1
3.9
1
3.93333
1
3.96667
1
4
1
4.03333
1
4.06667
1
4.1
1
4.13333
1
4.16667
1
4.2
1
4.23333
1
4.26667
1
4.3
1
4.33333
1
4.36667
1
4.4
1
4.43333
1
4.46667
1
4.5
1
4.53333
1
4.56667
1
4.6
1
4.63333
1
4.66667
1
4.7
1
4.73333
1
4.76667
1
4.8
1
4.83333
1
4.86667
1
4.9
1
4.93333
1
4.96667
1
5
1
5.03333
1
5.06667
1
5.1
1
5.13333
1
5.16667
1
5.2
1
5.23333
1
5.26667
1
5.3
1
5.33333
1
5.36667
1
5.4
1
5.43333
1
5.46667
1
5.5
1
5.53333
1
5.56667
2
5.6
2
5.63333
2
5.66667
2
5.7
2
5.73333
2
5.76667
2
5.8
2
5.83333
2
5.86667
2
5.9
2
5.93333
2
5.96667
3
6
4
6.03333
4
6.06667
4
6.1
4
6.13333
5
6.16667
5
6.2
5
6.23333
5
6.26667
5
6.3
6
6.33333
7
6.36667
8
6.4
8
6.43333
8
6.46667
8
6.5
8
6.53333
8
6.56667
8
6.6
8
6.63333
8
6.66667
8
6.7
8
6.73333
8
6.76667
9
6.8
10
6.83333
10
6.86667
10
6.9
10
6.93333
10
6.96667
11
7
12
7.03333
13
7.06667
13
7.1
18
7.13333
18
7.16667
19
7.2
20
7.23333
20
7.26667
20
7.3
20
7.33333
21
7.36667
22
7.4
22
7.43333
26
7.46667
26
7.5
26
7.53333
26
7.56667
26
7.6
27
7.63333
29
7.66667
31
7.7
32
7.73333
32
7.76667
32
7.8
33
7.83333
33
7.86667
34
7.9
35
7.93333
35
7.96667
35
8
35
8.03333
35
8.06667
37
8.1
38
8.13333
38
8.16667
38
8.2
39
8.23333
40
8.26667
41
8.3
42
8.33333
42
8.36667
43
8.4
43
8.43333
43
8.46667
44
8.5
44
8.53333
44
8.56667
45
8.6
45
8.63333
45
8.66667
45
8.7
45
8.73333
46
8.76667
47
8.8
47
8.83333
47
8.86667
47
8.9
47
8.93333
47
8.96667
47
9
47
9.03333
47
9.06667
47
9.1
47
9.13333
47
9.16667
47
9.2
47
9.23333
48
9.26667
48
9.3
48
9.33333
48
9.36667
49
9.4
49
9.43333
49
9.46667
49
9.5
49
9.53333
49
9.56667
51
9.6
51
9.63333
51
9.66667
52
9.7
52
9.73333
52
9.76667
52
9.8
54
9.83333
54
9.86667
54
9.9
54
9.93333
55
9.96667
56
10
57
10.0333
57
10.0667
57
10.1
57
10.1333
57
10.1667
59
10.2
59
10.2333
59
10.2667
60
10.3
60
10.3333
61
10.3667
62
10.4
63
10.4333
65
10.4667
65
10.5
67
10.5333
67
10.5667
67
10.6
68
10.6333
68
10.6667
68
10.7
68
10.7333
68
10.7667
68
10.8
68
10.8333
69
10.8667
70
10.9
71
10.9333
71
10.9667
71
11
71
11.0333
71
11.0667
71
11.1
71
11.1333
71
11.1667
71
11.2
71
11.2333
71
11.2667
71
11.3
71
11.3333
71
11.3667
71
11.4
71
11.4333
72
11.4667
73
11.5
73
11.5333
73
11.5667
74
11.6
74
11.6333
74
11.6667
74
11.7
74
11.7333
74
11.7667
74
11.8
74
11.8333
75
11.8667
75
11.9
75
11.9333
75
11.9667
75
12
77
12.0333
77
12.0667
77
12.1
78
12.1333
79
12.1667
79
12.2
79
12.2333
80
12.2667
80
12.3
80
12.3333
80
12.3667
80
12.4
80
12.4333
80
12.4667
82
12.5
82
12.5333
82
12.5667
82
12.6
82
12.6333
82
12.6667
82
12.7
82
12.7333
82
12.7667
83
12.8
83
12.8333
84
12.8667
84
12.9
84
12.9333
84
12.9667
84
13
84
13.0333
85
13.0667
88
13.1
88
13.1333
89
13.1667
89
13.2
89
13.2333
89
13.2667
90
13.3
90
13.3333
90
13.3667
91
13.4
91
13.4333
94
13.4667
94
13.5
95
13.5333
95
13.5667
95
13.6
95
13.6333
95
13.6667
97
13.7
98
13.7333
98
13.7667
98
13.8
98
13.8333
99
13.8667
100
13.9
100
13.9333
101
13.9667
101
14
101
14.0333
101
14.0667
101
14.1
102
14.1333
102
14.1667
103
14.2
104
14.2333
104
14.2667
104
14.3
106
14.3333
107
14.3667
107
14.4
107
14.4333
107
14.4667
108
14.5
109
14.5333
110
14.5667
110
14.6
111
14.6333
112
14.6667
112
14.7
112
14.7333
112
14.7667
112
14.8
112
14.8333
112
14.8667
112
14.9
112
14.9333
112
14.9667
112
15
112
15.0333
112
15.0667
112
15.1
112
15.1333
112
15.1667
113
15.2
113
15.2333
113
15.2667
114
15.3
115
15.3333
115
15.3667
115
15.4
115
15.4333
115
15.4667
115
15.5
115
15.5333
115
15.5667
115
15.6
115
15.6333
115
15.6667
116
15.7
116
15.7333
116
15.7667
116
15.8
116
15.8333
116
15.8667
116
15.9
116
15.9333
116
15.9667
116
16
116
16.0333
118
16.0667
118
16.1
118
16.1333
118
16.1667
118
16.2
118
16.2333
118
16.2667
118
16.3
118
16.3333
118
16.3667
118
16.4
118
16.4333
118
16.4667
118
16.5
118
16.5333
118
16.5667
118
16.6
118
16.6333
118
16.6667
118
16.7
118
16.7333
118
16.7667
118
16.8
118
16.8333
118
16.8667
118
16.9
118
16.9333
118
16.9667
118
17
118
17.0333
118
17.0667
118
17.1
118
17.1333
118
17.1667
118
17.2
118
17.2333
118
17.2667
118
17.3
118
17.3333
118
17.3667
118
17.4
118
17.4333
118
17.4667
118
17.5
119
17.5333
121
17.5667
121
17.6
121
17.6333
121
17.6667
122
17.7
122
17.7333
122
17.7667
122
17.8
122
17.8333
122
17.8667
122
17.9
122
17.9333
123
17.9667
124
18
124
18.0333
124
18.0667
124
18.1
124
18.1333
124
18.1667
124
18.2
124
18.2333
124
18.2667
124
18.3
125
18.3333
125
18.3667
126
18.4
126
18.4333
126
18.4667
126
18.5
126
18.5333
126
18.5667
126
18.6
126
18.6333
126
18.6667
126
18.7
126
18.7333
126
18.7667
127
18.8
127
18.8333
127
18.8667
127
18.9
127
18.9333
127
18.9667
127
19
127
19.0333
127
19.0667
127
19.1
127
19.1333
128
19.1667
128
19.2
128
19.2333
128
19.2667
128
19.3
128
19.3333
128
19.3667
128
19.4
128
19.4333
128
19.4667
128
19.5
128
19.5333
128
19.5667
128
19.6
128
19.6333
128
19.6667
128
19.7
128
19.7333
128
19.7667
128
19.8
128
19.8333
128
19.8667
128
19.9
128
19.9333
128
19.9667
128
20
128
