0
1
0.0333333
1
0.0666667
1
0.1
1
0.133333
1
0.166667
1
0.2
1
0.233333
1
0.266667
1
0.3
1
0.333333
1
0.366667
1
0.4
1
0.433333
1
0.466667
1
0.5
1
0.533333
1
0.566667
1
0.6
1
0.633333
1
0.666667
1
0.7
1
0.733333
1
0.766667
1
0.8
1
0.833333
1
0.866667
1
0.9
1
0.933333
1
0.966667
1
1
1
1.03333
1
1.06667
1
1.1
1
1.13333
1
1.16667
1
1.2
1
1.23333
1
1.26667
1
1.3
1
1.33333
1
1.36667
1
1.4
1
1.43333
1
1.46667
1
1.5
1
1.53333
1
1.56667
1
1.6
1
1.63333
1
1.66667
1
1.7
1
1.73333
1
1.76667
1
1.8
1
1.83333
1
1.86667
1
1.9
1
1.93333
1
1.96667
1
2
1
2.03333
1
2.06667
1
2.1
1
2.13333
1
2.16667
1
2.2
1
2.23333
1
2.26667
1
2.3
1
2.33333
1
2.36667
1
2.4
1
2.43333
1
2.46667
1
2.5
1
2.53333
1
2.56667
1
2.6
1
2.63333
1
2.66667
1
2.7
1
2.73333
1
2.76667
1
2.8
1
2.83333
1
2.86667
1
2.9
1
2.93333
1
2.96667
1
3
1
3.03333
1
3.06667
1
3.1
1
3.13333
1
3.16667
1
3.2
1
3.23333
1
3.26667
1
3.3
1
3.33333
1
3.36667
1
3.4
1
3.43333
1
3.46667
1
3.5
1
3.53333
1
3.56667
1
3.6
1
3.63333
1
3.66667
1
3.7
1
3.73333
1
3.76667
1
3.8
1
3.83333
1
3.86667
1
3.9
1
3.93333
1
3.96667
1
4
1
4.03333
1
4.06667
1
4.1
1
4.13333
1
4.16667
1
4.2
1
4.23333
1
4.26667
1
4.3
1
4.33333
1
4.36667
1
4.4
1
4.43333
1
4.46667
1
4.5
1
4.53333
1
4.56667
1
4.6
1
4.63333
1
4.66667
1
4.7
1
4.73333
1
4.76667
1
4.8
1
4.83333
1
4.86667
1
4.9
1
4.93333
1
4.96667
1
5
1
5.03333
1
5.06667
1
5.1
1
5.13333
1
5.16667
1
5.2
1
5.23333
1
5.26667
1
5.3
1
5.33333
1
5.36667
1
5.4
1
5.43333
1
5.46667
1
5.5
1
5.53333
1
5.56667
1
5.6
1
5.63333
1
5.66667
1
5.7
1
5.73333
1
5.76667
1
5.8
1
5.83333
1
5.86667
1
5.9
1
5.93333
1
5.96667
1
6
1
6.03333
1
6.06667
1
6.1
1
6.13333
1
6.16667
1
6.2
2
6.23333
2
6.26667
2
6.3
2
6.33333
2
6.36667
2
6.4
2
6.43333
3
6.46667
3
6.5
3
6.53333
3
6.56667
3
6.6
3
6.63333
3
6.66667
3
6.7
3
6.73333
4
6.76667
4
6.8
4
6.83333
5
6.86667
6
6.9
6
6.93333
8
6.96667
8
7
8
7.03333
9
7.06667
9
7.1
9
7.13333
9
7.16667
9
7.2
9
7.23333
9
7.26667
9
7.3
10
7.33333
12
7.36667
14
7.4
14
7.43333
16
7.46667
16
7.5
17
7.53333
17
7.56667
17
7.6
17
7.63333
17
7.66667
17
7.7
17
7.73333
17
7.76667
17
7.8
17
7.83333
18
7.86667
18
7.9
18
7.93333
18
7.96667
18
8
19
8.03333
19
8.06667
20
8.1
21
8.13333
22
8.16667
22
8.2
24
8.23333
25
8.26667
26
8.3
26
8.33333
26
8.36667
27
8.4
29
8.43333
29
8.46667
29
8.5
30
8.53333
30
8.56667
30
8.6
30
8.63333
30
8.66667
32
8.7
32
8.73333
33
8.76667
33
8.8
33
8.83333
33
8.86667
33
8.9
34
8.93333
34
8.96667
34
9
34
9.03333
35
9.06667
36
9.1
37
9.13333
38
9.16667
38
9.2
38
9.23333
39
9.26667
41
9.3
41
9.33333
41
9.36667
41
9.4
42
9.43333
42
9.46667
43
9.5
43
9.53333
43
9.56667
43
9.6
43
9.63333
43
9.66667
44
9.7
44
9.73333
44
9.76667
44
9.8
44
9.83333
44
9.86667
44
9.9
44
9.93333
45
9.96667
46
10
47
10.0333
47
10.0667
47
10.1
47
10.1333
48
10.1667
49
10.2
49
10.2333
49
10.2667
50
10.3
50
10.3333
51
10.3667
51
10.4
51
10.4333
52
10.4667
52
10.5
52
10.5333
52
10.5667
52
10.6
53
10.6333
53
10.6667
53
10.7
53
10.7333
53
10.7667
53
10.8
54
10.8333
54
10.8667
54
10.9
54
10.9333
54
10.9667
55
11
55
11.0333
55
11.0667
55
11.1
55
11.1333
55
11.1667
56
11.2
56
11.2333
57
11.2667
57
11.3
57
11.3333
57
11.3667
57
11.4
57
11.4333
57
11.4667
57
11.5
58
11.5333
58
11.5667
59
11.6
59
11.6333
59
11.6667
59
11.7
59
11.7333
59
11.7667
59
11.8
59
11.8333
59
11.8667
59
11.9
59
11.9333
59
11.9667
59
12
59
12.0333
59
12.0667
59
12.1
59
12.1333
59
12.1667
59
12.2
59
12.2333
59
12.2667
59
12.3
59
12.3333
59
12.3667
59
12.4
59
12.4333
59
12.4667
59
12.5
59
12.5333
59
12.5667
59
12.6
59
12.6333
59
12.6667
59
12.7
59
12.7333
59
12.7667
59
12.8
59
12.8333
59
12.8667
59
12.9
59
12.9333
59
12.9667
59
13
59
13.0333
59
13.0667
59
13.1
59
13.1333
59
13.1667
59
13.2
59
13.2333
59
13.2667
59
13.3
59
13.3333
59
13.3667
59
13.4
59
13.4333
59
13.4667
59
13.5
59
13.5333
59
13.5667
59
13.6
59
13.6333
59
13.6667
59
13.7
59
13.7333
59
13.7667
59
13.8
59
13.8333
59
13.8667
59
13.9
59
13.9333
59
13.9667
59
14
59
14.0333
59
14.0667
59
14.1
59
14.1333
59
14.1667
59
14.2
59
14.2333
59
14.2667
59
14.3
59
14.3333
59
14.3667
60
14.4
60
14.4333
61
14.4667
61
14.5
61
14.5333
61
14.5667
61
14.6
62
14.6333
63
14.6667
63
14.7
63
14.7333
63
14.7667
63
14.8
63
14.8333
64
14.8667
64
14.9
65
14.9333
65
14.9667
65
15
65
15.0333
65
15.0667
65
15.1
65
15.1333
65
15.1667
65
15.2
65
15.2333
65
15.2667
65
15.3
65
15.3333
65
15.3667
65
15.4
65
15.4333
65
15.4667
65
15.5
65
15.5333
65
15.5667
65
15.6
65
15.6333
65
15.6667
65
15.7
65
15.7333
65
15.7667
65
15.8
65
15.8333
65
15.8667
65
15.9
65
15.9333
65
15.9667
65
16
65
16.0333
65
16.0667
65
16.1
65
16.1333
65
16.1667
65
16.2
65
16.2333
66
16.2667
66
16.3
66
16.3333
66
16.3667
66
16.4
66
16.4333
66
16.4667
66
16.5
66
16.5333
66
16.5667
66
16.6
66
16.6333
66
16.6667
66
16.7
66
16.7333
66
16.7667
66
16.8
66
16.8333
66
16.8667
66
16.9
66
16.9333
66
16.9667
66
17
66
17.0333
66
17.0667
66
17.1
66
17.1333
66
17.1667
66
17.2
66
17.2333
66
17.2667
66
17.3
66
17.3333
66
17.3667
66
17.4
66
17.4333
66
17.4667
66
17.5
66
17.5333
66
17.5667
66
17.6
66
17.6333
66
17.6667
66
17.7
66
17.7333
66
17.7667
66
17.8
66
17.8333
66
17.8667
66
17.9
66
17.9333
66
17.9667
66
18
66
18.0333
66
18.0667
67
18.1
67
18.1333
67
18.1667
67
18.2
67
18.2333
67
18.2667
67
18.3
67
18.3333
67
18.3667
67
18.4
67
18.4333
67
18.4667
67
18.5
67
18.5333
68
18.5667
68
18.6
68
18.6333
68
18.6667
68
18.7
68
18.7333
68
18.7667
68
18.8
69
18.8333
69
18.8667
69
18.9
69
18.9333
69
18.9667
69
19
70
19.0333
70
19.0667
70
19.1
70
19.1333
70
19.1667
70
19.2
70
19.2333
70
19.2667
70
19.3
70
19.3333
70
19.3667
70
19.4
70
19.4333
70
19.4667
70
19.5
70
19.5333
70
19.5667
70
19.6
70
19.6333
70
19.6667
70
19.7
70
19.7333
70
19.7667
70
19.8
70
19.8333
70
19.8667
70
19.9
70
19.9333
70
19.9667
70
20
70
