0
1
0.0333333
1
0.0666667
1
0.1
1
0.133333
1
0.166667
1
0.2
1
0.233333
1
0.266667
1
0.3
1
0.333333
1
0.366667
1
0.4
1
0.433333
1
0.466667
1
0.5
1
0.533333
1
0.566667
1
0.6
1
0.633333
1
0.666667
1
0.7
1
0.733333
1
0.766667
1
0.8
1
0.833333
1
0.866667
1
0.9
1
0.933333
1
0.966667
1
1
1
1.03333
1
1.06667
1
1.1
1
1.13333
1
1.16667
1
1.2
1
1.23333
1
1.26667
1
1.3
1
1.33333
1
1.36667
1
1.4
1
1.43333
1
1.46667
1
1.5
1
1.53333
1
1.56667
1
1.6
1
1.63333
1
1.66667
1
1.7
1
1.73333
1
1.76667
1
1.8
1
1.83333
1
1.86667
1
1.9
1
1.93333
1
1.96667
1
2
1
2.03333
1
2.06667
1
2.1
1
2.13333
1
2.16667
1
2.2
1
2.23333
1
2.26667
1
2.3
1
2.33333
1
2.36667
1
2.4
1
2.43333
1
2.46667
1
2.5
1
2.53333
1
2.56667
1
2.6
1
2.63333
1
2.66667
1
2.7
1
2.73333
1
2.76667
1
2.8
1
2.83333
1
2.86667
1
2.9
1
2.93333
1
2.96667
1
3
1
3.03333
1
3.06667
1
3.1
1
3.13333
1
3.16667
1
3.2
1
3.23333
1
3.26667
1
3.3
1
3.33333
1
3.36667
1
3.4
1
3.43333
1
3.46667
1
3.5
1
3.53333
1
3.56667
1
3.6
1
3.63333
1
3.66667
1
3.7
1
3.73333
1
3.76667
1
3.8
1
3.83333
1
3.86667
1
3.9
1
3.93333
1
3.96667
1
4
1
4.03333
1
4.06667
1
4.1
1
4.13333
1
4.16667
1
4.2
1
4.23333
1
4.26667
1
4.3
1
4.33333
1
4.36667
1
4.4
1
4.43333
1
4.46667
1
4.5
1
4.53333
1
4.56667
1
4.6
1
4.63333
1
4.66667
1
4.7
1
4.73333
1
4.76667
1
4.8
1
4.83333
1
4.86667
1
4.9
1
4.93333
1
4.96667
1
5
1
5.03333
1
5.06667
1
5.1
1
5.13333
1
5.16667
1
5.2
1
5.23333
1
5.26667
1
5.3
1
5.33333
1
5.36667
1
5.4
1
5.43333
1
5.46667
1
5.5
1
5.53333
1
5.56667
1
5.6
1
5.63333
1
5.66667
1
5.7
1
5.73333
1
5.76667
1
5.8
1
5.83333
1
5.86667
1
5.9
1
5.93333
2
5.96667
3
6
3
6.03333
3
6.06667
3
6.1
3
6.13333
3
6.16667
4
6.2
4
6.23333
4
6.26667
6
6.3
7
6.33333
9
6.36667
10
6.4
11
6.43333
11
6.46667
11
6.5
11
6.53333
11
6.56667
11
6.6
11
6.63333
11
6.66667
11
6.7
11
6.73333
12
6.76667
13
6.8
15
6.83333
17
6.86667
17
6.9
18
6.93333
18
6.96667
19
7
20
7.03333
21
7.06667
21
7.1
28
7.13333
29
7.16667
29
7.2
29
7.23333
29
7.26667
31
7.3
35
7.33333
35
7.36667
35
7.4
37
7.43333
39
7.46667
40
7.5
40
7.53333
41
7.56667
43
7.6
43
7.63333
44
7.66667
44
7.7
44
7.73333
45
7.76667
45
7.8
46
7.83333
46
7.86667
46
7.9
49
7.93333
49
7.96667
50
8
50
8.03333
50
8.06667
50
8.1
51
8.13333
51
8.16667
52
8.2
53
8.23333
55
8.26667
55
8.3
55
8.33333
55
8.36667
57
8.4
57
8.43333
58
8.46667
59
8.5
60
8.53333
60
8.56667
60
8.6
61
8.63333
63
8.66667
67
8.7
68
8.73333
69
8.76667
69
8.8
70
8.83333
70
8.86667
71
8.9
71
8.93333
71
8.96667
73
9
73
9.03333
73
9.06667
74
9.1
74
9.13333
75
9.16667
76
9.2
76
9.23333
78
9.26667
81
9.3
82
9.33333
84
9.36667
85
9.4
85
9.43333
88
9.46667
91
9.5
92
9.53333
93
9.56667
93
9.6
93
9.63333
96
9.66667
98
9.7
102
9.73333
103
9.76667
103
9.8
103
9.83333
105
9.86667
105
9.9
110
9.93333
112
9.96667
112
10
113
10.0333
113
10.0667
115
10.1
117
10.1333
117
10.1667
119
10.2
119
10.2333
119
10.2667
121
10.3
125
10.3333
125
10.3667
127
10.4
129
10.4333
129
10.4667
129
10.5
129
10.5333
129
10.5667
132
10.6
132
10.6333
135
10.6667
137
10.7
138
10.7333
139
10.7667
141
10.8
142
10.8333
147
10.8667
149
10.9
150
10.9333
153
10.9667
153
11
154
11.0333
158
11.0667
159
11.1
159
11.1333
159
11.1667
161
11.2
163
11.2333
165
11.2667
166
11.3
166
11.3333
166
11.3667
167
11.4
168
11.4333
170
11.4667
172
11.5
173
11.5333
175
11.5667
175
11.6
176
11.6333
176
11.6667
177
11.7
177
11.7333
177
11.7667
180
11.8
181
11.8333
181
11.8667
181
11.9
181
11.9333
182
11.9667
183
12
184
12.0333
186
12.0667
186
12.1
186
12.1333
186
12.1667
186
12.2
186
12.2333
187
12.2667
187
12.3
187
12.3333
187
12.3667
188
12.4
189
12.4333
189
12.4667
190
12.5
192
12.5333
194
12.5667
195
12.6
197
12.6333
198
12.6667
199
12.7
201
12.7333
201
12.7667
203
12.8
203
12.8333
203
12.8667
205
12.9
207
12.9333
209
12.9667
209
13
211
13.0333
212
13.0667
213
13.1
213
13.1333
215
13.1667
215
13.2
218
13.2333
220
13.2667
220
13.3
220
13.3333
221
13.3667
221
13.4
221
13.4333
223
13.4667
224
13.5
225
13.5333
226
13.5667
227
13.6
227
13.6333
228
13.6667
228
13.7
230
13.7333
230
13.7667
231
13.8
231
13.8333
231
13.8667
232
13.9
234
13.9333
234
13.9667
234
14
235
14.0333
236
14.0667
236
14.1
237
14.1333
237
14.1667
239
14.2
239
14.2333
240
14.2667
241
14.3
241
14.3333
243
14.3667
244
14.4
244
14.4333
244
14.4667
244
14.5
246
14.5333
247
14.5667
248
14.6
249
14.6333
250
14.6667
250
14.7
251
14.7333
253
14.7667
255
14.8
256
14.8333
256
14.8667
256
14.9
260
14.9333
260
14.9667
262
15
264
15.0333
265
15.0667
265
15.1
267
15.1333
268
15.1667
270
15.2
271
15.2333
272
15.2667
272
15.3
275
15.3333
276
15.3667
278
15.4
279
15.4333
280
15.4667
282
15.5
286
15.5333
286
15.5667
287
15.6
288
15.6333
291
15.6667
294
15.7
295
15.7333
295
15.7667
298
15.8
302
15.8333
302
15.8667
303
15.9
304
15.9333
305
15.9667
306
16
306
16.0333
308
16.0667
309
16.1
309
16.1333
312
16.1667
313
16.2
313
16.2333
315
16.2667
316
16.3
316
16.3333
317
16.3667
318
16.4
320
16.4333
320
16.4667
322
16.5
322
16.5333
323
16.5667
326
16.6
326
16.6333
328
16.6667
331
16.7
332
16.7333
335
16.7667
336
16.8
336
16.8333
339
16.8667
344
16.9
344
16.9333
345
16.9667
348
17
349
17.0333
352
17.0667
352
17.1
352
17.1333
352
17.1667
355
17.2
355
17.2333
356
17.2667
356
17.3
356
17.3333
358
17.3667
359
17.4
360
17.4333
360
17.4667
362
17.5
362
17.5333
363
17.5667
365
17.6
366
17.6333
366
17.6667
367
17.7
367
17.7333
367
17.7667
368
17.8
369
17.8333
370
17.8667
370
17.9
371
17.9333
372
17.9667
374
18
374
18.0333
375
18.0667
375
18.1
376
18.1333
377
18.1667
377
18.2
377
18.2333
377
18.2667
379
18.3
382
18.3333
382
18.3667
383
18.4
383
18.4333
383
18.4667
383
18.5
383
18.5333
383
18.5667
384
18.6
384
18.6333
384
18.6667
384
18.7
384
18.7333
384
18.7667
384
18.8
384
18.8333
384
18.8667
385
18.9
386
18.9333
387
18.9667
389
19
390
19.0333
391
19.0667
392
19.1
392
19.1333
395
19.1667
395
19.2
395
19.2333
396
19.2667
397
19.3
397
19.3333
397
19.3667
397
19.4
397
19.4333
397
19.4667
398
19.5
399
19.5333
399
19.5667
400
19.6
400
19.6333
400
19.6667
400
19.7
401
19.7333
402
19.7667
403
19.8
404
19.8333
404
19.8667
404
19.9
405
19.9333
406
19.9667
406
20
406
