0
1
0.0333333
1
0.0666667
1
0.1
1
0.133333
1
0.166667
1
0.2
1
0.233333
1
0.266667
1
0.3
1
0.333333
1
0.366667
1
0.4
1
0.433333
1
0.466667
1
0.5
1
0.533333
1
0.566667
1
0.6
1
0.633333
1
0.666667
1
0.7
1
0.733333
1
0.766667
1
0.8
1
0.833333
1
0.866667
1
0.9
1
0.933333
1
0.966667
1
1
1
1.03333
1
1.06667
1
1.1
1
1.13333
1
1.16667
1
1.2
1
1.23333
1
1.26667
1
1.3
1
1.33333
1
1.36667
1
1.4
1
1.43333
1
1.46667
1
1.5
1
1.53333
1
1.56667
1
1.6
1
1.63333
1
1.66667
1
1.7
1
1.73333
1
1.76667
1
1.8
1
1.83333
1
1.86667
1
1.9
1
1.93333
1
1.96667
1
2
1
2.03333
1
2.06667
1
2.1
1
2.13333
1
2.16667
1
2.2
1
2.23333
1
2.26667
1
2.3
1
2.33333
1
2.36667
1
2.4
1
2.43333
1
2.46667
1
2.5
1
2.53333
1
2.56667
1
2.6
1
2.63333
1
2.66667
1
2.7
1
2.73333
1
2.76667
1
2.8
1
2.83333
1
2.86667
1
2.9
1
2.93333
1
2.96667
1
3
1
3.03333
1
3.06667
1
3.1
1
3.13333
1
3.16667
1
3.2
1
3.23333
1
3.26667
1
3.3
1
3.33333
1
3.36667
1
3.4
1
3.43333
1
3.46667
1
3.5
1
3.53333
1
3.56667
1
3.6
1
3.63333
1
3.66667
1
3.7
1
3.73333
1
3.76667
1
3.8
1
3.83333
1
3.86667
1
3.9
1
3.93333
1
3.96667
1
4
1
4.03333
1
4.06667
1
4.1
1
4.13333
1
4.16667
1
4.2
1
4.23333
1
4.26667
1
4.3
1
4.33333
1
4.36667
1
4.4
1
4.43333
1
4.46667
1
4.5
1
4.53333
1
4.56667
1
4.6
1
4.63333
1
4.66667
1
4.7
1
4.73333
1
4.76667
1
4.8
1
4.83333
2
4.86667
2
4.9
2
4.93333
2
4.96667
2
5
2
5.03333
2
5.06667
2
5.1
2
5.13333
2
5.16667
2
5.2
2
5.23333
2
5.26667
2
5.3
2
5.33333
2
5.36667
2
5.4
2
5.43333
2
5.46667
2
5.5
2
5.53333
2
5.56667
2
5.6
2
5.63333
2
5.66667
2
5.7
2
5.73333
2
5.76667
2
5.8
2
5.83333
2
5.86667
3
5.9
3
5.93333
3
5.96667
3
6
3
6.03333
3
6.06667
3
6.1
4
6.13333
4
6.16667
4
6.2
5
6.23333
5
6.26667
5
6.3
6
6.33333
6
6.36667
6
6.4
6
6.43333
6
6.46667
6
6.5
6
6.53333
6
6.56667
7
6.6
7
6.63333
7
6.66667
7
6.7
7
6.73333
7
6.76667
7
6.8
7
6.83333
7
6.86667
7
6.9
7
6.93333
7
6.96667
8
7
8
7.03333
8
7.06667
8
7.1
9
7.13333
9
7.16667
9
7.2
9
7.23333
9
7.26667
9
7.3
9
7.33333
9
7.36667
9
7.4
9
7.43333
9
7.46667
9
7.5
9
7.53333
9
7.56667
10
7.6
10
7.63333
10
7.66667
10
7.7
10
7.73333
10
7.76667
10
7.8
10
7.83333
10
7.86667
10
7.9
10
7.93333
11
7.96667
12
8
14
8.03333
14
8.06667
14
8.1
14
8.13333
14
8.16667
15
8.2
16
8.23333
16
8.26667
16
8.3
16
8.33333
16
8.36667
16
8.4
16
8.43333
16
8.46667
17
8.5
19
8.53333
19
8.56667
19
8.6
19
8.63333
22
8.66667
22
8.7
22
8.73333
22
8.76667
22
8.8
22
8.83333
22
8.86667
22
8.9
23
8.93333
23
8.96667
23
9
23
9.03333
23
9.06667
23
9.1
23
9.13333
23
9.16667
25
9.2
25
9.23333
25
9.26667
27
9.3
29
9.33333
29
9.36667
29
9.4
29
9.43333
29
9.46667
30
9.5
30
9.53333
31
9.56667
33
9.6
33
9.63333
33
9.66667
34
9.7
35
9.73333
35
9.76667
35
9.8
35
9.83333
35
9.86667
36
9.9
36
9.93333
36
9.96667
36
10
37
10.0333
38
10.0667
39
10.1
39
10.1333
40
10.1667
41
10.2
41
10.2333
41
10.2667
41
10.3
42
10.3333
42
10.3667
43
10.4
43
10.4333
43
10.4667
43
10.5
43
10.5333
43
10.5667
43
10.6
44
10.6333
44
10.6667
44
10.7
44
10.7333
44
10.7667
44
10.8
44
10.8333
46
10.8667
47
10.9
48
10.9333
48
10.9667
48
11
48
11.0333
48
11.0667
48
11.1
48
11.1333
49
11.1667
50
11.2
50
11.2333
50
11.2667
51
11.3
51
11.3333
51
11.3667
52
11.4
53
11.4333
54
11.4667
55
11.5
56
11.5333
57
11.5667
58
11.6
58
11.6333
58
11.6667
58
11.7
59
11.7333
59
11.7667
59
11.8
59
11.8333
61
11.8667
61
11.9
61
11.9333
61
11.9667
61
12
63
12.0333
63
12.0667
64
12.1
64
12.1333
64
12.1667
64
12.2
64
12.2333
64
12.2667
65
12.3
66
12.3333
67
12.3667
67
12.4
68
12.4333
69
12.4667
70
12.5
70
12.5333
70
12.5667
70
12.6
70
12.6333
71
12.6667
72
12.7
72
12.7333
73
12.7667
73
12.8
74
12.8333
74
12.8667
75
12.9
75
12.9333
75
12.9667
75
13
75
13.0333
75
13.0667
75
13.1
76
13.1333
78
13.1667
78
13.2
78
13.2333
78
13.2667
78
13.3
80
13.3333
80
13.3667
80
13.4
80
13.4333
80
13.4667
80
13.5
80
13.5333
80
13.5667
80
13.6
80
13.6333
80
13.6667
80
13.7
80
13.7333
80
13.7667
80
13.8
80
13.8333
80
13.8667
80
13.9
80
13.9333
80
13.9667
81
14
82
14.0333
82
14.0667
82
14.1
82
14.1333
82
14.1667
83
14.2
83
14.2333
83
14.2667
83
14.3
84
14.3333
84
14.3667
84
14.4
85
14.4333
85
14.4667
85
14.5
85
14.5333
85
14.5667
85
14.6
85
14.6333
85
14.6667
85
14.7
85
14.7333
85
14.7667
85
14.8
85
14.8333
86
14.8667
86
14.9
87
14.9333
87
14.9667
87
15
87
15.0333
87
15.0667
87
15.1
87
15.1333
87
15.1667
87
15.2
87
15.2333
87
15.2667
87
15.3
87
15.3333
87
15.3667
87
15.4
87
15.4333
87
15.4667
87
15.5
87
15.5333
87
15.5667
87
15.6
87
15.6333
87
15.6667
87
15.7
87
15.7333
87
15.7667
87
15.8
87
15.8333
87
15.8667
87
15.9
87
15.9333
87
15.9667
87
16
87
16.0333
87
16.0667
87
16.1
87
16.1333
87
16.1667
87
16.2
87
16.2333
87
16.2667
87
16.3
87
16.3333
87
16.3667
87
16.4
87
16.4333
87
16.4667
87
16.5
87
16.5333
87
16.5667
87
16.6
87
16.6333
87
16.6667
87
16.7
87
16.7333
87
16.7667
87
16.8
87
16.8333
88
16.8667
88
16.9
88
16.9333
88
16.9667
88
17
88
17.0333
88
17.0667
88
17.1
89
17.1333
90
17.1667
90
17.2
90
17.2333
91
17.2667
92
17.3
92
17.3333
92
17.3667
92
17.4
92
17.4333
92
17.4667
92
17.5
92
17.5333
92
17.5667
92
17.6
92
17.6333
93
17.6667
94
17.7
94
17.7333
94
17.7667
94
17.8
94
17.8333
94
17.8667
94
17.9
94
17.9333
95
17.9667
95
18
96
18.0333
96
18.0667
99
18.1
99
18.1333
99
18.1667
100
18.2
100
18.2333
100
18.2667
100
18.3
100
18.3333
101
18.3667
102
18.4
102
18.4333
102
18.4667
103
18.5
103
18.5333
103
18.5667
104
18.6
104
18.6333
104
18.6667
104
18.7
105
18.7333
105
18.7667
105
18.8
105
18.8333
106
18.8667
106
18.9
106
18.9333
106
18.9667
108
19
109
19.0333
109
19.0667
109
19.1
109
19.1333
109
19.1667
109
19.2
109
19.2333
109
19.2667
109
19.3
109
19.3333
109
19.3667
109
19.4
109
19.4333
109
19.4667
109
19.5
109
19.5333
109
19.5667
109
19.6
109
19.6333
109
19.6667
109
19.7
109
19.7333
109
19.7667
109
19.8
109
19.8333
109
19.8667
109
19.9
109
19.9333
110
19.9667
110
20
110
